Name	Crit_2_tech	Crit_2_res	Crit_2_op
NUCLEAR	0.000000	0.000000	0.000000
CCGT	0.000201	0.000000	-0.000951
CCGT_AMMONIA	0.000074	0.000000	0.000002
COAL_US	0.000000	0.000000	0.000000
COAL_IGCC	0.000000	0.000000	0.000000
PV	8899.890494	0.000000	0.000000
WIND_ONSHORE	3347.582880	0.000000	84.830234
WIND_OFFSHORE	1078.850443	0.000000	119.953083
HYDRO_RIVER	36.234858	0.000000	-7.557936
GEOTHERMAL	0.000000	0.000000	0.000000
IND_COGEN_GAS	289.993158	0.000000	458.046926
IND_COGEN_WOOD	0.000241	0.000000	0.000052
IND_COGEN_WASTE	0.000070	0.000000	0.000021
IND_BOILER_GAS	26.499852	0.000000	0.000000
IND_BOILER_WOOD	0.000420	0.000000	0.000010
IND_BOILER_OIL	0.000026	0.000000	0.000000
IND_BOILER_COAL	481.346230	0.000000	240.805064
IND_BOILER_WASTE	200.774409	0.000000	171.066944
IND_DIRECT_ELEC	0.050787	0.000000	0.000000
DHN_HP_ELEC	132.840397	0.000000	7.977990
DHN_COGEN_GAS	235.705807	0.000000	365.391910
DHN_COGEN_WOOD	0.000038	0.000000	0.000010
DHN_COGEN_WASTE	0.000062	0.000000	0.000017
DHN_COGEN_WET_BIOMASS	0.002170	0.000000	0.000843
DHN_COGEN_BIO_HYDROLYSIS	0.000107	0.000000	0.000736
DHN_BOILER_GAS	0.000006	0.000000	0.000000
DHN_BOILER_WOOD	0.000113	0.000000	0.000001
DHN_BOILER_OIL	0.000005	0.000000	0.000000
DHN_DEEP_GEO	0.000000	0.000000	0.000000
DHN_SOLAR	0.001311	0.000000	0.000000
DEC_HP_ELEC	560.712972	0.000000	23.635392
DEC_THHP_GAS	357.796153	0.000000	0.000000
DEC_COGEN_GAS	0.000202	0.000000	0.000071
DEC_COGEN_OIL	0.000171	0.000000	0.000013
DEC_ADVCOGEN_GAS	0.000310	0.000000	0.000232
DEC_ADVCOGEN_H2	0.000232	0.000000	0.000105
DEC_BOILER_GAS	0.000086	0.000000	0.000000
DEC_BOILER_WOOD	0.001217	0.000000	0.000003
DEC_BOILER_OIL	0.000075	0.000000	0.000000
DEC_SOLAR	0.012173	0.000000	0.000000
DEC_DIRECT_ELEC	0.000015	0.000000	0.000000
TRAMWAY_TROLLEY	78.587427	0.000000	0.000000
BUS_COACH_DIESEL	0.000067	0.000000	0.000000
BUS_COACH_HYDIESEL	0.000048	0.000000	0.000000
BUS_COACH_CNG_STOICH	5563.724172	0.000000	4.725848
BUS_COACH_FC_HYBRIDH2	0.000057	0.000000	0.000000
BUS_COACH_ELECTRIC	0.000123	0.000000	0.000000
TRAIN_PUB	0.000110	0.000000	0.000000
CAR_GASOLINE	6191.681711	0.000000	1255.705376
CAR_DIESEL	0.000022	0.000000	0.000005
CAR_NG	0.000030	0.000000	0.000006
CAR_METHANOL	0.000027	0.000000	0.000006
CAR_HEV	0.000017	0.000000	0.000003
CAR_PHEV	0.008606	0.000000	0.000772
CAR_BEV	28993.418204	0.000000	3402.315249
CAR_FUEL_CELL	0.000021	0.000000	0.000000
TRAIN_FREIGHT	247.342362	0.000000	0.000000
BOAT_FREIGHT_DIESEL	0.000002	0.000000	0.000000
BOAT_FREIGHT_NG	0.000037	0.000000	0.000001
BOAT_FREIGHT_METHANOL	210.053675	0.000000	4.680950
TRUCK_DIESEL	6467.159742	0.000000	0.408140
TRUCK_METHANOL	2422.459883	0.000000	0.155971
TRUCK_FUEL_CELL	0.000057	0.000000	0.000000
TRUCK_ELEC	0.000671	0.000000	0.000000
TRUCK_NG	0.000183	0.000000	0.000000
HABER_BOSCH	0.007318	0.000000	0.000133
SYN_METHANOLATION	0.001576	0.000000	0.000059
METHANE_TO_METHANOL	0.000008	0.000000	0.000005
BIOMASS_TO_METHANOL	0.001309	0.000000	0.000564
OIL_TO_HVC	0.005321	0.000000	0.000000
GAS_TO_HVC	0.004028	0.000000	0.000000
METHANOL_TO_HVC	6161.309801	0.000000	0.000000
ADLIBIO_TO_HVC	650.543051	0.000000	525.688046
PHS	6016.730546	0.000000	0.000000
BATT_LI	0.000667	0.000000	0.000000
BEV_BATT	0.000000	0.000000	0.000000
PHEV_BATT	0.009387	0.000000	0.000000
TS_DEC_DIRECT_ELEC	0.000781	0.000000	0.000000
TS_DEC_HP_ELEC	370.955500	0.000000	0.000000
TS_DEC_THHP_GAS	33.413514	0.000000	0.000000
TS_DEC_COGEN_GAS	0.000781	0.000000	0.000000
TS_DEC_COGEN_OIL	0.000800	0.000000	0.000000
TS_DEC_ADVCOGEN_GAS	0.000782	0.000000	0.000000
TS_DEC_ADVCOGEN_H2	0.000777	0.000000	0.000000
TS_DEC_BOILER_GAS	0.000780	0.000000	0.000000
TS_DEC_BOILER_WOOD	0.000780	0.000000	0.000000
TS_DEC_BOILER_OIL	0.000780	0.000000	0.000000
TS_DHN_DAILY	0.005996	0.000000	0.000000
TS_DHN_SEASONAL	3686.947792	0.000000	0.000000
TS_HIGH_TEMP	19.222909	0.000000	0.000000
GAS_STORAGE	2041.062885	0.000000	0.000000
H2_STORAGE	0.005098	0.000000	0.000000
DIESEL_STORAGE	0.042983	0.000000	0.000000
GASOLINE_STORAGE	0.045277	0.000000	0.000000
LFO_STORAGE	0.039931	0.000000	0.000000
AMMONIA_STORAGE	0.114030	0.000000	0.000000
METHANOL_STORAGE	1.221896	0.000000	0.000000
CO2_STORAGE	0.001384	0.000000	0.000000
ADLIBIO_TO_FUEL	0.001603	0.000000	0.000116
AMMONIA_TO_H2	0.000327	0.000000	0.000000
ATM_CCS	0.000062	0.000000	0.000020
BIO_HYDROLYSIS	1564.055041	0.000000	12242.937438
BIOMETHANATION	0.101575	0.000000	0.033735
DHN	0.000000	0.000000	0.000000
EFFICIENCY	0.000000	0.000000	0.000000
GASIFICATION_SNG	0.000123	0.000000	0.000610
GRID	828.252976	0.000000	0.000000
H2_BIOMASS	277.543899	0.000000	22.171831
H2_ELECTROLYSIS	0.000538	0.000000	0.000011
INDUSTRY_CCS	0.000000	0.000000	0.000009
REDIFUEL	0.000298	0.000000	0.000110
SMR	0.000000	0.000000	0.000502
SYN_METHANATION	0.000178	0.000000	0.000000
AMMONIA	0.000000	0.000337	0.000000
AMMONIA_RE_BE	0.000000	0.000000	0.000000
AMMONIA_RE_IMPORT	0.000000	36293.144257	0.000000
BIODIESEL	0.000000	0.033476	0.000000
BIODIESEL_BE	0.000000	0.000000	0.000000
BIOETHANOL	0.000000	0.030432	0.000000
CO2_ATM	0.000000	0.000000	0.000000
CO2_CAPTURED	0.000000	0.000000	0.000000
CO2_EMISSIONS	0.000000	0.000000	0.000000
CO2_INDUSTRY	0.000000	0.000000	0.000000
COAL	0.000000	14207.049595	0.000000
DIESEL	0.000000	8663.403418	0.000000
ELEC_EXPORT	0.000000	0.000000	0.000000
ELECTRICITY	0.000000	42652.716684	0.000000
GAS	0.000000	9295.250413	0.000000
GAS_RE_BE	0.000000	0.000000	0.000000
GAS_RE_IMPORT	0.000000	0.000004	0.000000
GASOLINE	0.000000	7074.951803	0.000000
H2	0.000000	0.000005	0.000000
H2_RE_BE	0.000000	0.000000	0.000000
H2_RE_IMPORT	0.000000	0.238094	0.000000
LFO	0.000000	0.010701	0.000000
LFO_RE_BE	0.000000	0.000000	0.000000
METHANOL	0.000000	17165.448679	0.000000
METHANOL_RE_BE	0.000000	0.000000	0.000000
METHANOL_RE_IMPORT	0.000000	0.001350	0.000000
RES_GEO	0.000000	0.000000	0.000000
RES_HYDRO	0.000000	0.000000	0.000000
RES_SOLAR	0.000000	0.000000	0.000000
RES_WIND	0.000000	0.000000	0.000000
URANIUM	0.000000	0.000000	0.000000
WASTE	0.000000	0.000000	0.000000
WET_BIOMASS	0.000000	90117.436599	0.000000
WOOD	0.000000	95211.480566	0.000000
WOOD_PRODUCTION	0.000000	0.011674	0.000000
