Name	LCA_tech	LCA_res	LCA_op
NUCLEAR	0.000000	0.000000	0.000000
CCGT	0.000014	0.000000	0.004101
CCGT_AMMONIA	0.000005	0.000000	0.000001
COAL_US	0.000000	0.000000	0.000000
COAL_IGCC	0.000000	0.000000	0.000000
PV	822.424048	0.000000	0.000000
WIND_ONSHORE	133.608580	0.000000	2.137918
WIND_OFFSHORE	118.263261	0.000000	3.023107
HYDRO_RIVER	3.051277	0.000000	0.009656
GEOTHERMAL	0.000000	0.000000	0.000000
IND_COGEN_GAS	39.404524	0.000000	8479.855451
IND_COGEN_WOOD	0.000015	0.000000	0.007092
IND_COGEN_WASTE	0.000006	0.000000	0.000593
IND_BOILER_GAS	4.004246	0.000000	2256.300989
IND_BOILER_WOOD	0.000019	0.000000	0.004845
IND_BOILER_OIL	0.000004	0.000000	0.000734
IND_BOILER_COAL	12.860691	0.000000	7326.389767
IND_BOILER_WASTE	9.329031	0.000000	4896.345718
IND_DIRECT_ELEC	0.004599	0.000000	0.000000
DHN_HP_ELEC	27.222713	0.000000	394.154595
DHN_COGEN_GAS	16.026375	0.000000	6764.526516
DHN_COGEN_WOOD	0.000002	0.000000	0.000977
DHN_COGEN_WASTE	0.000006	0.000000	0.000477
DHN_COGEN_WET_BIOMASS	0.000074	0.000000	0.004293
DHN_COGEN_BIO_HYDROLYSIS	0.000002	0.000000	0.000702
DHN_BOILER_GAS	0.000001	0.000000	0.000259
DHN_BOILER_WOOD	0.000005	0.000000	0.000682
DHN_BOILER_OIL	0.000001	0.000000	0.000306
DHN_DEEP_GEO	0.000000	0.000000	0.000000
DHN_SOLAR	0.000099	0.000000	0.000000
DEC_HP_ELEC	114.905772	0.000000	1167.709349
DEC_THHP_GAS	39.249204	0.000000	1302.856587
DEC_COGEN_GAS	0.000028	0.000000	0.001324
DEC_COGEN_OIL	0.000024	0.000000	0.001333
DEC_ADVCOGEN_GAS	0.000017	0.000000	0.000856
DEC_ADVCOGEN_H2	0.000013	0.000000	0.000002
DEC_BOILER_GAS	0.000008	0.000000	0.000418
DEC_BOILER_WOOD	0.000024	0.000000	0.001448
DEC_BOILER_OIL	0.000007	0.000000	0.000641
DEC_SOLAR	0.000923	0.000000	0.000000
DEC_DIRECT_ELEC	0.000001	0.000000	0.000000
TRAMWAY_TROLLEY	6.777617	0.000000	0.000000
BUS_COACH_DIESEL	0.000003	0.000000	0.000044
BUS_COACH_HYDIESEL	0.000002	0.000000	0.000026
BUS_COACH_CNG_STOICH	246.864022	0.000000	3898.552799
BUS_COACH_FC_HYBRIDH2	0.000003	0.000000	0.000001
BUS_COACH_ELECTRIC	0.000006	0.000000	0.000003
TRAIN_PUB	0.000005	0.000000	0.000001
CAR_GASOLINE	807.192494	0.000000	3184.409508
CAR_DIESEL	0.000003	0.000000	0.000010
CAR_NG	0.000004	0.000000	0.000011
CAR_METHANOL	0.000004	0.000000	0.000013
CAR_HEV	0.000002	0.000000	0.000006
CAR_PHEV	0.000976	0.000000	0.000513
CAR_BEV	2866.916037	0.000000	465.654533
CAR_FUEL_CELL	0.000002	0.000000	0.000023
TRAIN_FREIGHT	28.944183	0.000000	48.205783
BOAT_FREIGHT_DIESEL	0.000000	0.000000	0.000006
BOAT_FREIGHT_NG	0.000003	0.000000	0.000147
BOAT_FREIGHT_METHANOL	19.784961	0.000000	857.363853
TRUCK_DIESEL	337.456016	0.000000	3930.810717
TRUCK_METHANOL	125.843451	0.000000	1726.244340
TRUCK_FUEL_CELL	0.000003	0.000000	0.000000
TRUCK_ELEC	0.000040	0.000000	0.000001
TRUCK_NG	0.000010	0.000000	0.000119
HABER_BOSCH	0.000214	0.000000	0.000014
SYN_METHANOLATION	0.000046	0.000000	0.000004
METHANE_TO_METHANOL	0.000002	0.000000	0.000005
BIOMASS_TO_METHANOL	0.000038	0.000000	0.000467
OIL_TO_HVC	0.000156	0.000000	0.001648
GAS_TO_HVC	0.000118	0.000000	0.001109
METHANOL_TO_HVC	180.404288	0.000000	9571.083606
ADLIBIO_TO_HVC	19.048021	0.000000	1851.165049
PHS	546.178248	0.000000	0.000000
BATT_LI	0.000057	0.000000	0.000000
BEV_BATT	0.000000	0.000000	0.000000
PHEV_BATT	0.000801	0.000000	0.000000
TS_DEC_DIRECT_ELEC	0.000031	0.000000	0.000000
TS_DEC_HP_ELEC	14.838830	0.000000	0.000000
TS_DEC_THHP_GAS	1.336596	0.000000	0.000000
TS_DEC_COGEN_GAS	0.000031	0.000000	0.000000
TS_DEC_COGEN_OIL	0.000032	0.000000	0.000000
TS_DEC_ADVCOGEN_GAS	0.000031	0.000000	0.000000
TS_DEC_ADVCOGEN_H2	0.000031	0.000000	0.000000
TS_DEC_BOILER_GAS	0.000031	0.000000	0.000000
TS_DEC_BOILER_WOOD	0.000031	0.000000	0.000000
TS_DEC_BOILER_OIL	0.000031	0.000000	0.000000
TS_DHN_DAILY	0.000240	0.000000	0.000000
TS_DHN_SEASONAL	147.483977	0.000000	0.000000
TS_HIGH_TEMP	0.768948	0.000000	0.000000
GAS_STORAGE	540.241031	0.000000	0.000000
H2_STORAGE	0.001349	0.000000	0.000000
DIESEL_STORAGE	0.003081	0.000000	0.000000
GASOLINE_STORAGE	0.003246	0.000000	0.000000
LFO_STORAGE	0.002863	0.000000	0.000000
AMMONIA_STORAGE	0.030182	0.000000	0.000000
METHANOL_STORAGE	0.035777	0.000000	0.000000
CO2_STORAGE	0.000366	0.000000	0.000000
ADLIBIO_TO_FUEL	0.000047	0.000000	0.000000
AMMONIA_TO_H2	0.000010	0.000000	0.000000
ATM_CCS	0.000005	0.000000	-0.000175
BIO_HYDROLYSIS	13.334763	0.000000	10124.422632
BIOMETHANATION	0.003107	0.000000	0.133960
DHN	0.000000	0.000000	0.000000
EFFICIENCY	0.000000	0.000000	0.000000
GASIFICATION_SNG	0.000001	0.000000	0.000504
GRID	22.018609	0.000000	0.000000
H2_BIOMASS	2.366273	0.000000	1.558756
H2_ELECTROLYSIS	0.000045	0.000000	0.000001
INDUSTRY_CCS	0.000000	0.000000	0.000050
REDIFUEL	0.000006	0.000000	0.000286
SMR	0.000000	0.000000	0.030348
SYN_METHANATION	0.000001	0.000000	0.000000
AMMONIA	0.000000	0.001114	0.000000
AMMONIA_RE_BE	0.000000	0.000000	0.000000
AMMONIA_RE_IMPORT	0.000000	773.351955	0.000000
BIODIESEL	0.000000	-0.000096	0.000000
BIODIESEL_BE	0.000000	0.000000	0.000000
BIOETHANOL	0.000000	-0.000064	0.000000
CO2_ATM	0.000000	0.000000	0.000000
CO2_CAPTURED	0.000000	0.000000	0.000000
CO2_EMISSIONS	0.000000	0.000000	0.000000
CO2_INDUSTRY	0.000000	0.000000	0.000000
COAL	0.000000	833.819992	0.000000
DIESEL	0.000000	521.323717	0.000000
ELEC_EXPORT	0.000000	0.000000	0.000000
ELECTRICITY	0.000000	1100.911935	0.000000
GAS	0.000000	6068.717891	0.000000
GAS_RE_BE	0.000000	0.000000	0.000000
GAS_RE_IMPORT	0.000000	-0.000000	0.000000
GASOLINE	0.000000	560.144846	0.000000
H2	0.000000	0.000004	0.000000
H2_RE_BE	0.000000	0.000000	0.000000
H2_RE_IMPORT	0.000000	0.004451	0.000000
LFO	0.000000	0.000661	0.000000
LFO_RE_BE	0.000000	0.000000	0.000000
METHANOL	0.000000	4315.614664	0.000000
METHANOL_RE_BE	0.000000	0.000000	0.000000
METHANOL_RE_IMPORT	0.000000	-0.000033	0.000000
RES_GEO	0.000000	0.000000	0.000000
RES_HYDRO	0.000000	0.000000	0.000000
RES_SOLAR	0.000000	0.000000	0.000000
RES_WIND	0.000000	0.000000	0.000000
URANIUM	0.000000	0.000000	0.000000
WASTE	0.000000	0.000000	0.000000
WET_BIOMASS	0.000000	-16198.327690	0.000000
WOOD	0.000000	-7496.776280	0.000000
WOOD_PRODUCTION	0.000000	-0.000415	0.000000
