Name	Crit_2_tech	Crit_2_res	Crit_2_op
NUCLEAR	0.000000	0.000000	0.000000
CCGT	0.000191	0.000000	-0.000851
CCGT_AMMONIA	0.000085	0.000000	0.000002
COAL_US	0.000000	0.000000	0.000000
COAL_IGCC	0.000000	0.000000	0.000000
PV	8931.575429	0.000000	0.000000
WIND_ONSHORE	3347.582880	0.000000	85.115062
WIND_OFFSHORE	1078.850443	0.000000	120.198451
HYDRO_RIVER	36.234858	0.000000	-7.563275
GEOTHERMAL	0.000000	0.000000	0.000000
IND_COGEN_GAS	294.969991	0.000000	465.907900
IND_COGEN_WOOD	0.000177	0.000000	0.000034
IND_COGEN_WASTE	0.000076	0.000000	0.000016
IND_BOILER_GAS	26.396713	0.000000	0.000000
IND_BOILER_WOOD	0.000413	0.000000	0.000006
IND_BOILER_OIL	0.000035	0.000000	0.000000
IND_BOILER_COAL	506.307080	0.000000	255.234180
IND_BOILER_WASTE	201.339642	0.000000	171.066853
IND_DIRECT_ELEC	0.430148	0.000000	0.000000
DHN_HP_ELEC	133.873780	0.000000	8.065628
DHN_COGEN_GAS	231.357333	0.000000	358.430375
DHN_COGEN_WOOD	0.000041	0.000000	0.000008
DHN_COGEN_WASTE	0.000068	0.000000	0.000012
DHN_COGEN_WET_BIOMASS	0.001906	0.000000	0.000678
DHN_COGEN_BIO_HYDROLYSIS	0.000102	0.000000	0.000454
DHN_BOILER_GAS	0.000007	0.000000	0.000000
DHN_BOILER_WOOD	0.000129	0.000000	0.000001
DHN_BOILER_OIL	0.000007	0.000000	0.000000
DHN_DEEP_GEO	0.000000	0.000000	0.000000
DHN_SOLAR	0.001089	0.000000	0.000000
DEC_HP_ELEC	559.200485	0.000000	23.574482
DEC_THHP_GAS	363.939641	0.000000	0.000000
DEC_COGEN_GAS	0.000211	0.000000	0.000070
DEC_COGEN_OIL	0.000195	0.000000	0.000014
DEC_ADVCOGEN_GAS	0.000288	0.000000	0.000220
DEC_ADVCOGEN_H2	0.000207	0.000000	0.000073
DEC_BOILER_GAS	0.000114	0.000000	0.000000
DEC_BOILER_WOOD	0.001189	0.000000	0.000002
DEC_BOILER_OIL	0.000099	0.000000	0.000000
DEC_SOLAR	0.010433	0.000000	0.000000
DEC_DIRECT_ELEC	0.000022	0.000000	0.000000
TRAMWAY_TROLLEY	78.587427	0.000000	0.000000
BUS_COACH_DIESEL	0.000082	0.000000	0.000000
BUS_COACH_HYDIESEL	0.000064	0.000000	0.000000
BUS_COACH_CNG_STOICH	5563.724589	0.000000	4.725848
BUS_COACH_FC_HYBRIDH2	0.000061	0.000000	0.000000
BUS_COACH_ELECTRIC	0.000097	0.000000	0.000000
TRAIN_PUB	0.000063	0.000000	0.000000
CAR_GASOLINE	6191.681711	0.000000	1255.705324
CAR_DIESEL	0.000019	0.000000	0.000004
CAR_NG	0.000028	0.000000	0.000005
CAR_METHANOL	0.000025	0.000000	0.000005
CAR_HEV	0.000017	0.000000	0.000003
CAR_PHEV	0.009273	0.000000	0.000832
CAR_BEV	28993.418208	0.000000	3402.315248
CAR_FUEL_CELL	0.000019	0.000000	0.000000
TRAIN_FREIGHT	247.342362	0.000000	0.000000
BOAT_FREIGHT_DIESEL	0.000138	0.000000	0.000003
BOAT_FREIGHT_NG	0.000006	0.000000	0.000000
BOAT_FREIGHT_METHANOL	210.053569	0.000000	4.680947
TRUCK_DIESEL	6467.159745	0.000000	0.408140
TRUCK_METHANOL	2422.459527	0.000000	0.155971
TRUCK_FUEL_CELL	0.000008	0.000000	0.000000
TRUCK_ELEC	0.007524	0.000000	0.000000
TRUCK_NG	0.000023	0.000000	0.000000
HABER_BOSCH	0.005124	0.000000	0.000059
SYN_METHANOLATION	0.001386	0.000000	0.000037
METHANE_TO_METHANOL	0.000009	0.000000	0.000004
BIOMASS_TO_METHANOL	0.001087	0.000000	0.000352
OIL_TO_HVC	0.002914	0.000000	0.000000
GAS_TO_HVC	0.001656	0.000000	0.000000
METHANOL_TO_HVC	6811.850348	0.000000	0.000000
ADLIBIO_TO_HVC	0.002683	0.000000	0.001420
PHS	6016.700095	0.000000	0.000000
BATT_LI	0.000804	0.000000	0.000000
BEV_BATT	0.000000	0.000000	0.000000
PHEV_BATT	0.010116	0.000000	0.000000
TS_DEC_DIRECT_ELEC	0.000969	0.000000	0.000000
TS_DEC_HP_ELEC	369.955025	0.000000	0.000000
TS_DEC_THHP_GAS	32.421528	0.000000	0.000000
TS_DEC_COGEN_GAS	0.000970	0.000000	0.000000
TS_DEC_COGEN_OIL	0.000933	0.000000	0.000000
TS_DEC_ADVCOGEN_GAS	0.000971	0.000000	0.000000
TS_DEC_ADVCOGEN_H2	0.000965	0.000000	0.000000
TS_DEC_BOILER_GAS	0.000968	0.000000	0.000000
TS_DEC_BOILER_WOOD	0.000971	0.000000	0.000000
TS_DEC_BOILER_OIL	0.000969	0.000000	0.000000
TS_DHN_DAILY	0.005367	0.000000	0.000000
TS_DHN_SEASONAL	3722.354772	0.000000	0.000000
TS_HIGH_TEMP	18.558799	0.000000	0.000000
GAS_STORAGE	2009.868067	0.000000	0.000000
H2_STORAGE	0.014859	0.000000	0.000000
DIESEL_STORAGE	0.024651	0.000000	0.000000
GASOLINE_STORAGE	5.150508	0.000000	0.000000
LFO_STORAGE	0.024780	0.000000	0.000000
AMMONIA_STORAGE	0.129475	0.000000	0.000000
METHANOL_STORAGE	1.115093	0.000000	0.000000
CO2_STORAGE	0.002027	0.000000	0.000000
ADLIBIO_TO_FUEL	1958.582594	0.000000	1078.003777
AMMONIA_TO_H2	0.000349	0.000000	0.000000
ATM_CCS	0.000064	0.000000	0.000012
BIO_HYDROLYSIS	1564.061941	0.000000	12242.991454
BIOMETHANATION	0.069228	0.000000	0.023027
DHN	0.000000	0.000000	0.000000
EFFICIENCY	0.000000	0.000000	0.000000
GASIFICATION_SNG	0.000119	0.000000	0.000472
GRID	828.678228	0.000000	0.000000
H2_BIOMASS	114.717029	0.000000	9.164268
H2_ELECTROLYSIS	0.000346	0.000000	0.000008
INDUSTRY_CCS	0.000000	0.000000	0.000006
REDIFUEL	0.000273	0.000000	0.000069
SMR	0.000000	0.000000	0.230099
SYN_METHANATION	0.000198	0.000000	0.000000
AMMONIA	0.000000	0.000261	0.000000
AMMONIA_RE_BE	0.000000	0.000000	0.000000
AMMONIA_RE_IMPORT	0.000000	36293.169116	0.000000
BIODIESEL	0.000000	0.010407	0.000000
BIODIESEL_BE	0.000000	0.000000	0.000000
BIOETHANOL	0.000000	0.012753	0.000000
CO2_ATM	0.000000	0.000000	0.000000
CO2_CAPTURED	0.000000	0.000000	0.000000
CO2_EMISSIONS	0.000000	0.000000	0.000000
CO2_INDUSTRY	0.000000	0.000000	0.000000
COAL	0.000000	15058.340576	0.000000
DIESEL	0.000000	8663.405139	0.000000
ELEC_EXPORT	0.000000	0.000000	0.000000
ELECTRICITY	0.000000	42652.717847	0.000000
GAS	0.000000	9313.714427	0.000000
GAS_RE_BE	0.000000	0.000000	0.000000
GAS_RE_IMPORT	0.000000	0.000007	0.000000
GASOLINE	0.000000	0.010195	0.000000
H2	0.000000	0.000005	0.000000
H2_RE_BE	0.000000	0.000000	0.000000
H2_RE_IMPORT	0.000000	22313.744808	0.000000
LFO	0.000000	0.007870	0.000000
LFO_RE_BE	0.000000	0.000000	0.000000
METHANOL	0.000000	18634.016660	0.000000
METHANOL_RE_BE	0.000000	0.000000	0.000000
METHANOL_RE_IMPORT	0.000000	0.001162	0.000000
RES_GEO	0.000000	0.000000	0.000000
RES_HYDRO	0.000000	0.000000	0.000000
RES_SOLAR	0.000000	0.000000	0.000000
RES_WIND	0.000000	0.000000	0.000000
URANIUM	0.000000	0.000000	0.000000
WASTE	0.000000	0.000000	0.000000
WET_BIOMASS	0.000000	90117.436833	0.000000
WOOD	0.000000	95211.482430	0.000000
WOOD_PRODUCTION	0.000000	0.014221	0.000000
