Name	LCA_tech	LCA_res	LCA_op
NUCLEAR	0.000000	0.000000	0.000000
CCGT	0.000013	0.000000	0.003655
CCGT_AMMONIA	0.000006	0.000000	0.000001
COAL_US	0.000000	0.000000	0.000000
COAL_IGCC	0.000000	0.000000	0.000000
PV	825.352000	0.000000	0.000000
WIND_ONSHORE	133.608580	0.000000	2.145097
WIND_OFFSHORE	118.263261	0.000000	3.029290
HYDRO_RIVER	3.051277	0.000000	0.009662
GEOTHERMAL	0.000000	0.000000	0.000000
IND_COGEN_GAS	40.080780	0.000000	8625.386218
IND_COGEN_WOOD	0.000011	0.000000	0.004605
IND_COGEN_WASTE	0.000007	0.000000	0.000451
IND_BOILER_GAS	3.988661	0.000000	2262.813429
IND_BOILER_WOOD	0.000019	0.000000	0.002915
IND_BOILER_OIL	0.000005	0.000000	0.000686
IND_BOILER_COAL	13.527599	0.000000	7765.389398
IND_BOILER_WASTE	9.355295	0.000000	4896.343115
IND_DIRECT_ELEC	0.038956	0.000000	0.000000
DHN_HP_ELEC	27.434482	0.000000	398.484350
DHN_COGEN_GAS	15.730709	0.000000	6635.647128
DHN_COGEN_WOOD	0.000002	0.000000	0.000771
DHN_COGEN_WASTE	0.000006	0.000000	0.000353
DHN_COGEN_WET_BIOMASS	0.000065	0.000000	0.003451
DHN_COGEN_BIO_HYDROLYSIS	0.000002	0.000000	0.000433
DHN_BOILER_GAS	0.000001	0.000000	0.000194
DHN_BOILER_WOOD	0.000006	0.000000	0.000535
DHN_BOILER_OIL	0.000001	0.000000	0.000257
DHN_DEEP_GEO	0.000000	0.000000	0.000000
DHN_SOLAR	0.000083	0.000000	0.000000
DEC_HP_ELEC	114.595821	0.000000	1164.700083
DEC_THHP_GAS	39.923127	0.000000	1324.838245
DEC_COGEN_GAS	0.000029	0.000000	0.001302
DEC_COGEN_OIL	0.000027	0.000000	0.001472
DEC_ADVCOGEN_GAS	0.000016	0.000000	0.000812
DEC_ADVCOGEN_H2	0.000011	0.000000	0.000002
DEC_BOILER_GAS	0.000010	0.000000	0.000307
DEC_BOILER_WOOD	0.000023	0.000000	0.001031
DEC_BOILER_OIL	0.000009	0.000000	0.000496
DEC_SOLAR	0.000791	0.000000	0.000000
DEC_DIRECT_ELEC	0.000002	0.000000	0.000000
TRAMWAY_TROLLEY	6.777617	0.000000	0.000000
BUS_COACH_DIESEL	0.000004	0.000000	0.000059
BUS_COACH_HYDIESEL	0.000003	0.000000	0.000034
BUS_COACH_CNG_STOICH	246.864040	0.000000	3898.553091
BUS_COACH_FC_HYBRIDH2	0.000003	0.000000	0.000001
BUS_COACH_ELECTRIC	0.000005	0.000000	0.000002
TRAIN_PUB	0.000003	0.000000	0.000001
CAR_GASOLINE	807.192494	0.000000	3184.409375
CAR_DIESEL	0.000002	0.000000	0.000009
CAR_NG	0.000004	0.000000	0.000010
CAR_METHANOL	0.000003	0.000000	0.000012
CAR_HEV	0.000002	0.000000	0.000006
CAR_PHEV	0.001052	0.000000	0.000553
CAR_BEV	2866.916037	0.000000	465.654532
CAR_FUEL_CELL	0.000002	0.000000	0.000088
TRAIN_FREIGHT	28.944183	0.000000	48.205783
BOAT_FREIGHT_DIESEL	0.000013	0.000000	0.000491
BOAT_FREIGHT_NG	0.000001	0.000000	0.000024
BOAT_FREIGHT_METHANOL	19.784951	0.000000	857.363418
TRUCK_DIESEL	337.456016	0.000000	3930.810764
TRUCK_METHANOL	125.843433	0.000000	1726.244086
TRUCK_FUEL_CELL	0.000001	0.000000	0.000000
TRUCK_ELEC	0.000444	0.000000	0.000009
TRUCK_NG	0.000001	0.000000	0.000015
HABER_BOSCH	0.000150	0.000000	0.000006
SYN_METHANOLATION	0.000041	0.000000	0.000002
METHANE_TO_METHANOL	0.000002	0.000000	0.000004
BIOMASS_TO_METHANOL	0.000032	0.000000	0.000291
OIL_TO_HVC	0.000085	0.000000	0.000527
GAS_TO_HVC	0.000048	0.000000	0.000448
METHANOL_TO_HVC	199.452235	0.000000	10581.644634
ADLIBIO_TO_HVC	0.000079	0.000000	0.005001
PHS	546.175484	0.000000	0.000000
BATT_LI	0.000069	0.000000	0.000000
BEV_BATT	0.000000	0.000000	0.000000
PHEV_BATT	0.000863	0.000000	0.000000
TS_DEC_DIRECT_ELEC	0.000039	0.000000	0.000000
TS_DEC_HP_ELEC	14.798810	0.000000	0.000000
TS_DEC_THHP_GAS	1.296914	0.000000	0.000000
TS_DEC_COGEN_GAS	0.000039	0.000000	0.000000
TS_DEC_COGEN_OIL	0.000037	0.000000	0.000000
TS_DEC_ADVCOGEN_GAS	0.000039	0.000000	0.000000
TS_DEC_ADVCOGEN_H2	0.000039	0.000000	0.000000
TS_DEC_BOILER_GAS	0.000039	0.000000	0.000000
TS_DEC_BOILER_WOOD	0.000039	0.000000	0.000000
TS_DEC_BOILER_OIL	0.000039	0.000000	0.000000
TS_DHN_DAILY	0.000215	0.000000	0.000000
TS_DHN_SEASONAL	148.900315	0.000000	0.000000
TS_HIGH_TEMP	0.742382	0.000000	0.000000
GAS_STORAGE	531.984195	0.000000	0.000000
H2_STORAGE	0.003933	0.000000	0.000000
DIESEL_STORAGE	0.001767	0.000000	0.000000
GASOLINE_STORAGE	0.369224	0.000000	0.000000
LFO_STORAGE	0.001776	0.000000	0.000000
AMMONIA_STORAGE	0.034270	0.000000	0.000000
METHANOL_STORAGE	0.032650	0.000000	0.000000
CO2_STORAGE	0.000537	0.000000	0.000000
ADLIBIO_TO_FUEL	57.347660	0.000000	0.000000
AMMONIA_TO_H2	0.000010	0.000000	0.000000
ATM_CCS	0.000005	0.000000	-0.000105
BIO_HYDROLYSIS	13.334821	0.000000	10124.467301
BIOMETHANATION	0.002117	0.000000	0.091439
DHN	0.000000	0.000000	0.000000
EFFICIENCY	0.000000	0.000000	0.000000
GASIFICATION_SNG	0.000001	0.000000	0.000390
GRID	22.029914	0.000000	0.000000
H2_BIOMASS	0.978050	0.000000	0.644279
H2_ELECTROLYSIS	0.000029	0.000000	0.000000
INDUSTRY_CCS	0.000000	0.000000	0.000033
REDIFUEL	0.000006	0.000000	0.000181
SMR	0.000000	0.000000	13.900513
SYN_METHANATION	0.000002	0.000000	0.000000
AMMONIA	0.000000	0.001043	0.000000
AMMONIA_RE_BE	0.000000	0.000000	0.000000
AMMONIA_RE_IMPORT	0.000000	773.352484	0.000000
BIODIESEL	0.000000	-0.000030	0.000000
BIODIESEL_BE	0.000000	0.000000	0.000000
BIOETHANOL	0.000000	-0.000027	0.000000
CO2_ATM	0.000000	0.000000	0.000000
CO2_CAPTURED	0.000000	0.000000	0.000000
CO2_EMISSIONS	0.000000	0.000000	0.000000
CO2_INDUSTRY	0.000000	0.000000	0.000000
COAL	0.000000	883.782754	0.000000
DIESEL	0.000000	521.323821	0.000000
ELEC_EXPORT	0.000000	0.000000	0.000000
ELECTRICITY	0.000000	1100.911965	0.000000
GAS	0.000000	6080.772745	0.000000
GAS_RE_BE	0.000000	0.000000	0.000000
GAS_RE_IMPORT	0.000000	-0.000000	0.000000
GASOLINE	0.000000	0.000807	0.000000
H2	0.000000	0.000004	0.000000
H2_RE_BE	0.000000	0.000000	0.000000
H2_RE_IMPORT	0.000000	417.103097	0.000000
LFO	0.000000	0.000486	0.000000
LFO_RE_BE	0.000000	0.000000	0.000000
METHANOL	0.000000	4684.831550	0.000000
METHANOL_RE_BE	0.000000	0.000000	0.000000
METHANOL_RE_IMPORT	0.000000	-0.000029	0.000000
RES_GEO	0.000000	0.000000	0.000000
RES_HYDRO	0.000000	0.000000	0.000000
RES_SOLAR	0.000000	0.000000	0.000000
RES_WIND	0.000000	0.000000	0.000000
URANIUM	0.000000	0.000000	0.000000
WASTE	0.000000	0.000000	0.000000
WET_BIOMASS	0.000000	-16198.327730	0.000000
WOOD	0.000000	-7496.776426	0.000000
WOOD_PRODUCTION	0.000000	-0.000507	0.000000
