TECHNOLOGIES	 c_inv	 c_maint	 lifetime	  f_min	 f	 f_max	 fmin_perc	f_perc	 fmax_perc	 c_p	 c_p_max	 tau	 gwp_constr
 UNITS	[M€/GW]	 [M€/GW/y]	 [y]	 [GW or GWh]	 [GW or GWh]	 [GW or GWh]	 [0-1]	 [0-1]	 [0-1]	 [0-1]	 [0-1]	 [-]	 [ktCO2-eq./GW or GWh]
NUCLEAR	0.000000	0.000000	60.000000	0.000000	0.000000	0.000000	0.000000	0.000000	1.000000	0.000000	0.849000	0.025393	0.000000
CCGT	0.002255	0.000057	25.000000	0.000000	0.000003	Infinity	0.000000	0.000000	1.000000	0.013470	0.961540	0.048263	0.000537
CCGT_AMMONIA	0.000572	0.000014	25.000000	0.000000	0.000001	Infinity	0.000000	0.000000	1.000000	0.000344	0.630000	0.048263	0.000136
COAL_US	0.000000	0.000000	35.000000	0.000000	0.000000	0.000000	0.000000	0.000000	1.000000	0.000000	0.868000	0.036934	0.000000
COAL_IGCC	0.000000	0.000000	35.000000	0.000000	0.000000	0.000000	0.000000	0.000000	1.000000	0.000000	0.856000	0.036934	0.000000
PV	32241.149931	368.196410	25.000000	0.000000	37.058793	59.200000	0.000000	0.490335	1.000000	0.116315	1.000000	0.048263	77135.283564
WIND_ONSHORE	10399.999994	120.960000	30.000000	0.000000	10.000000	10.000000	0.000000	0.254603	1.000000	0.223819	1.000000	0.041639	6228.499996
WIND_OFFSHORE	29847.779980	207.666000	30.000000	0.000000	6.000000	6.000000	0.000000	0.249014	1.000000	0.364842	1.000000	0.041639	3737.099997
HYDRO_RIVER	580.165797	5.801152	40.000000	0.000000	0.115000	0.115000	0.000000	0.006048	1.000000	0.462293	1.000000	0.033427	145.224299
GEOTHERMAL	0.000000	0.000000	30.000000	0.000000	0.000000	0.000000	0.000000	0.000000	1.000000	0.000000	0.950000	0.041639	0.000000
IND_COGEN_GAS	3410.595475	219.229901	25.000000	0.000000	2.422246	Infinity	0.000000	0.294232	1.000000	0.850000	0.850000	0.048263	2481.155342
IND_COGEN_WOOD	0.000833	0.000031	25.000000	0.000000	0.000001	Infinity	0.000000	0.000000	1.000000	0.002893	0.850000	0.048263	0.000127
IND_COGEN_WASTE	0.000688	0.000025	25.000000	0.000000	0.000000	Infinity	0.000000	0.000000	1.000000	0.000400	0.850000	0.048263	0.000152
IND_BOILER_GAS	434.808903	8.711578	17.000000	0.000000	7.383408	Infinity	0.000000	0.171939	1.000000	0.162954	0.950000	0.067080	90.963588
IND_BOILER_WOOD	0.000449	0.000009	17.000000	0.000000	0.000004	Infinity	0.000000	0.000000	1.000000	0.003073	0.900000	0.067080	0.000113
IND_BOILER_OIL	0.000436	0.000009	17.000000	0.000000	0.000008	Infinity	0.000000	0.000000	1.000000	0.002644	0.950000	0.067080	0.000098
IND_BOILER_COAL	293.968416	5.879334	17.000000	0.000000	2.552252	Infinity	0.000000	0.293515	1.000000	0.804738	0.900000	0.067080	122.967514
IND_BOILER_WASTE	282.988497	5.659737	17.000000	0.000000	2.456924	Infinity	0.000000	0.238115	1.000000	0.678176	0.900000	0.067080	70.931393
IND_DIRECT_ELEC	59.651460	0.270604	15.000000	0.000000	0.179489	Infinity	0.000000	0.002200	1.000000	0.085767	0.950000	0.074944	0.263849
DHN_HP_ELEC	1818.027812	61.647863	25.000000	0.000000	5.273314	Infinity	0.000000	0.588633	1.000000	0.596296	0.950000	0.048263	921.722593
DHN_COGEN_GAS	3509.451004	102.608865	25.000000	0.000000	2.797512	Infinity	0.000000	0.411367	1.000000	0.785523	0.850000	0.048263	1373.242759
DHN_COGEN_WOOD	0.000532	0.000019	25.000000	0.000000	0.000000	Infinity	0.000000	0.000000	1.000000	0.000820	0.850000	0.048263	0.000081
DHN_COGEN_WASTE	0.000612	0.000023	25.000000	0.000000	0.000000	Infinity	0.000000	0.000000	1.000000	0.000314	0.850000	0.048263	0.000135
DHN_COGEN_WET_BIOMASS	0.000485	0.000039	25.000000	0.000000	0.000000	Infinity	0.000000	0.000000	1.000000	0.001454	0.750000	0.048263	0.000361
DHN_COGEN_BIO_HYDROLYSIS	0.000466	0.000023	15.000000	0.000000	0.000000	Infinity	0.000000	0.000000	1.000000	0.000188	0.850000	0.074944	0.000067
DHN_BOILER_GAS	0.000100	0.000002	17.000000	0.000000	0.000002	Infinity	0.000000	0.000000	1.000000	0.001173	0.950000	0.067080	0.000021
DHN_BOILER_WOOD	0.000159	0.000003	17.000000	0.000000	0.000001	Infinity	0.000000	0.000000	1.000000	0.000983	0.900000	0.067080	0.000040
DHN_BOILER_OIL	0.000090	0.000002	17.000000	0.000000	0.000002	Infinity	0.000000	0.000000	1.000000	0.000990	0.950000	0.067080	0.000020
DHN_DEEP_GEO	0.000000	0.000000	30.000000	0.000000	0.000000	0.000000	0.000000	0.000000	1.000000	0.000000	0.850000	0.041639	0.000000
DHN_SOLAR	0.000337	0.000000	30.000000	0.000000	0.000001	Infinity	0.000000	0.000000	1.000000	0.000492	1.000000	0.041639	0.000206
DEC_HP_ELEC	8327.279086	347.203635	18.000000	0.000000	16.923988	Infinity	0.000000	0.870035	1.000000	0.449258	1.000000	0.063806	2790.596392
DEC_THHP_GAS	800.178483	23.387091	20.000000	0.000000	2.534777	Infinity	0.000000	0.129965	1.000000	0.448072	1.000000	0.058246	968.107476
DEC_COGEN_GAS	0.001288	0.000083	20.000000	0.000000	0.000001	Infinity	0.000000	0.000000	1.000000	0.002991	1.000000	0.058246	0.000937
DEC_COGEN_OIL	0.001035	0.000063	20.000000	0.000000	0.000001	Infinity	0.000000	0.000000	1.000000	0.002082	1.000000	0.058246	0.000812
DEC_ADVCOGEN_GAS	0.001978	0.000037	20.000000	0.000000	0.000000	Infinity	0.000000	0.000000	1.000000	0.000912	1.000000	0.058246	0.000599
DEC_ADVCOGEN_H2	0.001241	0.000023	20.000000	0.000000	0.000000	Infinity	0.000000	0.000000	1.000000	0.000204	1.000000	0.058246	0.000376
DEC_BOILER_GAS	0.000701	0.000021	17.000000	0.000000	0.000004	Infinity	0.000000	0.000000	1.000000	0.001744	1.000000	0.067080	0.000093
DEC_BOILER_WOOD	0.000716	0.000025	17.000000	0.000000	0.000002	Infinity	0.000000	0.000000	1.000000	0.001821	1.000000	0.067080	0.000033
DEC_BOILER_OIL	0.000549	0.000033	17.000000	0.000000	0.000004	Infinity	0.000000	0.000000	1.000000	0.001933	1.000000	0.067080	0.000081
DEC_SOLAR	0.005387	0.000060	20.000000	0.000000	0.000007	Infinity	0.000000	0.000000	1.000000	0.003678	1.000000	0.058246	0.001657
DEC_DIRECT_ELEC	0.000908	0.000004	15.000000	0.000000	0.000023	Infinity	0.000000	0.000000	1.000000	0.000779	1.000000	0.074944	0.000033
TRAMWAY_TROLLEY	4725.034494	94.500690	30.000000	0.000000	7.560055	Infinity	0.000000	0.300000	0.300000	0.342470	0.342470	0.041639	0.000000
BUS_COACH_DIESEL	0.000129	0.000006	15.000000	0.000000	0.000000	Infinity	0.000000	0.000000	1.000000	0.000624	0.296800	0.074944	0.000000
BUS_COACH_HYDIESEL	0.000056	0.000002	15.000000	0.000000	0.000000	Infinity	0.000000	0.000000	1.000000	0.000196	0.296800	0.074944	0.000000
BUS_COACH_CNG_STOICH	12438.834165	621.942839	15.000000	0.000000	20.354493	Infinity	0.000000	0.700000	1.000000	0.296800	0.296800	0.074944	0.000000
BUS_COACH_FC_HYBRIDH2	0.000076	0.000003	15.000000	0.000000	0.000000	Infinity	0.000000	0.000000	1.000000	0.000278	0.296800	0.074944	0.000000
BUS_COACH_ELECTRIC	0.000053	0.000002	15.000000	0.000000	0.000000	Infinity	0.000000	0.000000	1.000000	0.000221	0.296800	0.074944	0.000000
TRAIN_PUB	0.006972	0.000252	40.000000	0.000000	0.000005	Infinity	0.000000	0.000000	0.500000	0.012735	0.275070	0.033427	0.000000
CAR_GASOLINE	21014.500006	1200.000000	10.000000	50.000000	50.000000	Infinity	0.000000	0.297614	1.000000	0.051370	0.051370	0.108434	0.000000
CAR_DIESEL	0.000059	0.000003	10.000000	0.000000	0.000000	Infinity	0.000000	0.000000	1.000000	0.000072	0.051370	0.108434	0.000000
CAR_NG	0.000084	0.000005	10.000000	0.000000	0.000000	Infinity	0.000000	0.000000	1.000000	0.000103	0.051370	0.108434	0.000000
CAR_METHANOL	0.000076	0.000004	10.000000	0.000000	0.000000	Infinity	0.000000	0.000000	1.000000	0.000096	0.051370	0.108434	0.000000
CAR_HEV	0.000051	0.000004	10.000000	0.000000	0.000000	Infinity	0.000000	0.000000	1.000000	0.000064	0.051370	0.108434	0.000000
CAR_PHEV	0.021741	0.001620	10.000000	0.000000	0.000048	Infinity	0.000000	0.000000	1.000000	0.014728	0.051370	0.108434	0.000000
CAR_BEV	51193.167478	1180.028294	10.000000	0.000000	118.002829	Infinity	0.000000	0.702386	1.000000	0.051370	0.051370	0.108434	0.000000
CAR_FUEL_CELL	0.000025	0.000000	10.000000	0.000000	0.000000	Infinity	0.000000	0.000000	1.000000	0.000000	0.051370	0.108434	0.000000
TRAIN_FREIGHT	737.033461	14.740046	40.000000	0.000000	7.058355	Infinity	0.000000	1.000000	1.000000	0.342470	0.342470	0.033427	0.000000
BOAT_FREIGHT_DIESEL	0.000391	0.000020	40.000000	0.000000	0.000005	Infinity	0.000000	0.000000	1.000000	0.005808	0.114160	0.033427	0.000000
BOAT_FREIGHT_NG	0.000256	0.000013	40.000000	0.000000	0.000003	Infinity	0.000000	0.000000	1.000000	0.003803	0.114160	0.033427	0.000000
BOAT_FREIGHT_METHANOL	1941.018633	97.049520	40.000000	0.000000	25.409329	Infinity	0.000000	1.000000	1.000000	0.114160	0.114160	0.033427	0.000000
TRUCK_DIESEL	12617.740008	630.888889	15.000000	34.000000	34.000000	Infinity	0.000000	0.723510	1.000000	0.092590	0.092590	0.074944	0.000000
TRUCK_METHANOL	4821.876385	241.094541	15.000000	0.000000	12.993119	Infinity	0.000000	0.276490	1.000000	0.092590	0.092590	0.074944	0.000000
TRUCK_FUEL_CELL	0.000029	0.000001	15.000000	0.000000	0.000000	Infinity	0.000000	0.000000	1.000000	0.000054	0.092590	0.074944	0.000000
TRUCK_ELEC	0.011680	0.000623	15.000000	0.000000	0.000027	Infinity	0.000000	0.000001	1.000000	0.024895	0.092590	0.074944	0.000000
TRUCK_NG	0.000330	0.000016	15.000000	0.000000	0.000001	Infinity	0.000000	0.000000	1.000000	0.000819	0.092590	0.074944	0.000000
HABER_BOSCH	0.001846	0.000036	20.000000	0.000000	0.000002	Infinity	0.000000	1.000000	1.000000	0.008809	1.000000	0.058246	0.000000
SYN_METHANOLATION	0.000618	0.000018	20.000000	0.000000	0.000000	Infinity	0.000000	0.254848	1.000000	0.000578	0.950000	0.058246	0.000000
METHANE_TO_METHANOL	0.000714	0.000031	25.000000	0.000000	0.000001	Infinity	0.000000	0.481657	1.000000	0.001092	0.850000	0.048263	0.000000
BIOMASS_TO_METHANOL	0.000754	0.000012	20.000000	0.000000	0.000000	Infinity	0.000000	0.263495	1.000000	0.000597	1.000000	0.058246	0.000000
OIL_TO_HVC	0.000616	0.000003	20.000000	0.000000	0.000002	Infinity	0.000000	0.000000	1.000000	0.001349	1.000000	0.058246	0.000000
GAS_TO_HVC	0.000651	0.000016	20.000000	0.000000	0.000001	Infinity	0.000000	0.000000	1.000000	0.000763	1.000000	0.058246	0.000000
METHANOL_TO_HVC	3293.143245	296.382892	20.000000	0.000000	4.723384	Infinity	0.000000	1.000000	1.000000	1.000000	1.000000	0.058246	0.000000
ADLIBIO_TO_HVC	0.000695	0.000015	20.000000	0.000000	0.000001	Infinity	0.000000	0.000000	1.000000	0.001293	1.000000	0.058246	0.000724
PHS	294.000549	0.000000	50.000000	5.000000	5.000009	6.500000	0.000000	-1.000000	1.000000	0.020811	1.000000	0.028572	
BATT_LI	0.003699	0.000006	15.000000	0.000000	0.000012	Infinity	0.000000	-1.000000	1.000000	0.002840	1.000000	0.074944	
BEV_BATT	0.000000	0.000000	1.000000	0.000000	117.066299	Infinity	0.000000	-1.000000	1.000000	0.004371	1.000000	1.015000	
PHEV_BATT	0.000000	0.000000	1.000000	0.000000	0.000009	Infinity	0.000000	-1.000000	1.000000	0.000720	1.000000	1.015000	
TS_DEC_DIRECT_ELEC	0.002388	0.000017	20.000000	0.000000	0.000126	Infinity	0.000000	-1.000000	1.000000	0.000573	1.000000	0.058246	
TS_DEC_HP_ELEC	981.534045	6.871395	20.000000	0.000000	51.741383	Infinity	0.000000	-1.000000	1.000000	0.028890	1.000000	0.058246	
TS_DEC_THHP_GAS	80.936362	0.566609	20.000000	0.000000	4.266545	Infinity	0.000000	-1.000000	1.000000	0.045208	1.000000	0.058246	
TS_DEC_COGEN_GAS	0.002386	0.000017	20.000000	0.000000	0.000126	Infinity	0.000000	-1.000000	1.000000	0.000690	1.000000	0.058246	
TS_DEC_COGEN_OIL	0.002414	0.000017	20.000000	0.000000	0.000127	Infinity	0.000000	-1.000000	1.000000	0.000598	1.000000	0.058246	
TS_DEC_ADVCOGEN_GAS	0.002390	0.000017	20.000000	0.000000	0.000126	Infinity	0.000000	-1.000000	1.000000	0.000552	1.000000	0.058246	
TS_DEC_ADVCOGEN_H2	0.002375	0.000017	20.000000	0.000000	0.000125	Infinity	0.000000	-1.000000	1.000000	0.000331	1.000000	0.058246	
TS_DEC_BOILER_GAS	0.002386	0.000017	20.000000	0.000000	0.000126	Infinity	0.000000	-1.000000	1.000000	0.000675	1.000000	0.058246	
TS_DEC_BOILER_WOOD	0.002383	0.000017	20.000000	0.000000	0.000126	Infinity	0.000000	-1.000000	1.000000	0.000624	1.000000	0.058246	
TS_DEC_BOILER_OIL	0.002383	0.000017	20.000000	0.000000	0.000126	Infinity	0.000000	-1.000000	1.000000	0.000648	1.000000	0.058246	
TS_DHN_DAILY	0.005638	0.000016	40.000000	0.000000	0.001879	Infinity	0.000000	-1.000000	1.000000	0.000999	1.000000	0.033427	
TS_DHN_SEASONAL	324.905021	1.779958	25.000000	0.000000	601.675965	Infinity	0.000000	-1.000000	1.000000	0.001475	1.000000	0.048263	
TS_HIGH_TEMP	79.327961	0.849033	25.000000	0.000000	2.830109	Infinity	0.000000	-1.000000	1.000000	0.042888	1.000000	0.048263	
GAS_STORAGE	39.682089	1.039007	50.000000	0.000000	793.641772	Infinity	0.000000	-1.000000	1.000000	0.000270	1.000000	0.028572	
H2_STORAGE	1.327421	0.083634	20.000000	0.000000	0.214446	Infinity	0.000000	-1.000000	1.000000	0.010491	1.000000	0.058246	
DIESEL_STORAGE	0.038250	0.001519	20.000000	0.000000	3.825038	Infinity	0.000000	-1.000000	1.000000	0.000057	1.000000	0.058246	
GASOLINE_STORAGE	3.283890	0.130370	20.000000	0.000000	328.388965	Infinity	0.000000	-1.000000	1.000000	0.001318	1.000000	0.058246	
LFO_STORAGE	0.062726	0.002490	20.000000	0.000000	6.272633	Infinity	0.000000	-1.000000	1.000000	0.000000	1.000000	0.058246	
AMMONIA_STORAGE	0.000071	0.000003	20.000000	0.000000	0.007104	Infinity	0.000000	-1.000000	1.000000	0.000023	1.000000	0.058246	
METHANOL_STORAGE	0.000002	0.000000	20.000000	0.000000	0.000205	Infinity	0.000000	-1.000000	1.000000	0.000002	1.000000	0.058246	
CO2_STORAGE	0.046757	0.000468	30.000000	0.000000	0.000945	Infinity	0.000000	-1.000000	1.000000	0.000003	1.000000	0.041639	
ADLIBIO_TO_FUEL	986.057789	18.005049	20.000000	0.000000	1.406644	Infinity	0.000000	-1.000000	1.000000	0.907145	1.000000	0.058246	
AMMONIA_TO_H2	0.000331	0.000031	25.000000	0.000000	0.000000	Infinity	0.000000	-1.000000	1.000000	0.000462	0.860000	0.048263	
ATM_CCS	0.000887	0.000022	40.000000	0.000000	0.000000	Infinity	0.000000	-1.000000	1.000000	0.000141	1.000000	0.033427	
BIO_HYDROLYSIS	3517.894878	239.852341	15.000000	0.000000	2.209858	Infinity	0.000000	-1.000000	1.000000	0.850000	0.850000	0.074944	
BIOMETHANATION	0.012533	0.000174	20.000000	0.000000	0.000013	Infinity	0.000000	-1.000000	1.000000	0.076204	0.850000	0.058246	
DHN	6665.540346	0.000000	60.000000	0.000000	8.070834	Infinity	0.000000	-1.000000	1.000000	0.000000	1.000000	0.025393	
EFFICIENCY	5517.241379	0.000000	1.000000	0.000000	0.985222	Infinity	0.000000	-1.000000	1.000000	0.000000	1.000000	1.015000	
GASIFICATION_SNG	0.000607	0.000043	25.000000	0.000000	0.000000	Infinity	0.000000	-1.000000	1.000000	0.000904	0.850000	0.048263	
GRID	94434.084071	0.000000	80.000000	0.000000	1.260481	Infinity	0.000000	-1.000000	1.000000	0.000000	1.000000	0.021548	
H2_BIOMASS	682.206704	48.060663	25.000000	0.000000	0.270139	Infinity	0.000000	-1.000000	1.000000	0.860000	0.860000	0.048263	
H2_ELECTROLYSIS	0.001297	0.000036	15.000000	0.000000	0.000002	Infinity	0.000000	-1.000000	1.000000	0.002768	0.900000	0.074944	
INDUSTRY_CCS	0.000842	0.000021	40.000000	0.000000	0.000000	Infinity	0.000000	-1.000000	1.000000	0.000204	1.000000	0.033427	
REDIFUEL	0.000756	0.000020	20.000000	0.000000	0.000000	Infinity	0.000000	-1.000000	1.000000	0.000231	1.000000	0.058246	
SMR	508.935567	46.965332	25.000000	0.000000	0.747072	Infinity	0.000000	-1.000000	1.000000	0.860000	0.860000	0.048263	
SYN_METHANATION	0.000167	0.000043	40.000000	0.000000	0.000001	Infinity	0.000000	-1.000000	1.000000	0.000850	1.000000	0.033427	