TECHNOLOGIES	 c_inv	 c_maint	 lifetime	  f_min	 f	 f_max	 fmin_perc	f_perc	 fmax_perc	 c_p	 c_p_max	 tau	 gwp_constr
 UNITS	[M€/GW]	 [M€/GW/y]	 [y]	 [GW or GWh]	 [GW or GWh]	 [GW or GWh]	 [0-1]	 [0-1]	 [0-1]	 [0-1]	 [0-1]	 [-]	 [ktCO2-eq./GW or GWh]
NUCLEAR	0.000000	0.000000	60.000000	0.000000	0.000000	0.000000	0.000000	0.000000	1.000000	0.000000	0.849000	0.025393	0.000000
CCGT	0.002425	0.000061	25.000000	0.000000	0.000003	Infinity	0.000000	0.000000	1.000000	0.013103	0.961540	0.048263	0.000577
CCGT_AMMONIA	0.000308	0.000008	25.000000	0.000000	0.000000	Infinity	0.000000	0.000000	1.000000	0.000144	0.630000	0.048263	0.000073
COAL_US	0.000000	0.000000	35.000000	0.000000	0.000000	0.000000	0.000000	0.000000	1.000000	0.000000	0.868000	0.036934	0.000000
COAL_IGCC	0.000000	0.000000	35.000000	0.000000	0.000000	0.000000	0.000000	0.000000	1.000000	0.000000	0.856000	0.036934	0.000000
PV	32475.668848	370.874634	25.000000	0.000000	37.328355	59.200000	0.000000	0.492961	1.000000	0.117237	1.000000	0.048263	77696.357944
WIND_ONSHORE	10400.000000	120.960000	30.000000	0.000000	10.000000	10.000000	0.000000	0.253435	1.000000	0.224987	1.000000	0.041639	6228.500000
WIND_OFFSHORE	29847.779996	207.666000	30.000000	0.000000	6.000000	6.000000	0.000000	0.247611	1.000000	0.366362	1.000000	0.041639	3737.099999
HYDRO_RIVER	580.165798	5.801152	40.000000	0.000000	0.115000	0.115000	0.000000	0.005992	1.000000	0.462583	1.000000	0.033427	145.224300
GEOTHERMAL	0.000000	0.000000	30.000000	0.000000	0.000000	0.000000	0.000000	0.000000	1.000000	0.000000	0.950000	0.041639	0.000000
IND_COGEN_GAS	2306.220799	148.241725	25.000000	0.000000	1.637906	Infinity	0.000000	0.198961	1.000000	0.850000	0.850000	0.048263	1677.739884
IND_COGEN_WOOD	0.000738	0.000027	25.000000	0.000000	0.000001	Infinity	0.000000	0.000000	1.000000	0.004004	0.850000	0.048263	0.000113
IND_COGEN_WASTE	0.000348	0.000013	25.000000	0.000000	0.000000	Infinity	0.000000	0.000000	1.000000	0.000224	0.850000	0.048263	0.000077
IND_BOILER_GAS	409.677505	8.208060	17.000000	0.000000	6.956657	Infinity	0.000000	0.166997	1.000000	0.167976	0.950000	0.067080	85.706009
IND_BOILER_WOOD	0.000263	0.000005	17.000000	0.000000	0.000002	Infinity	0.000000	0.000000	1.000000	0.003449	0.900000	0.067080	0.000066
IND_BOILER_OIL	0.000244	0.000005	17.000000	0.000000	0.000004	Infinity	0.000000	0.000000	1.000000	0.001101	0.950000	0.067080	0.000055
IND_BOILER_COAL	375.947870	7.518913	17.000000	0.000000	3.264003	Infinity	0.000000	0.383731	1.000000	0.822651	0.900000	0.067080	157.259666
IND_BOILER_WASTE	265.722832	5.314425	17.000000	0.000000	2.307022	Infinity	0.000000	0.238119	1.000000	0.722241	0.900000	0.067080	66.603735
IND_DIRECT_ELEC	346.115012	1.570121	15.000000	0.000000	1.041449	Infinity	0.000000	0.012191	1.000000	0.081912	0.950000	0.074944	1.530929
DHN_HP_ELEC	1639.228239	55.584913	25.000000	0.000000	4.754694	Infinity	0.000000	0.498251	1.000000	0.559578	0.950000	0.048263	831.072932
DHN_COGEN_GAS	4224.089481	123.503371	25.000000	0.000000	3.367177	Infinity	0.000000	0.501749	1.000000	0.795713	0.850000	0.048263	1652.879692
DHN_COGEN_WOOD	0.000302	0.000011	25.000000	0.000000	0.000000	Infinity	0.000000	0.000000	1.000000	0.000601	0.850000	0.048263	0.000046
DHN_COGEN_WASTE	0.000317	0.000012	25.000000	0.000000	0.000000	Infinity	0.000000	0.000000	1.000000	0.000177	0.850000	0.048263	0.000070
DHN_COGEN_WET_BIOMASS	0.000258	0.000021	25.000000	0.000000	0.000000	Infinity	0.000000	0.000000	1.000000	0.000791	0.750000	0.048263	0.000192
DHN_COGEN_BIO_HYDROLYSIS	0.000253	0.000012	15.000000	0.000000	0.000000	Infinity	0.000000	0.000000	1.000000	0.000124	0.850000	0.074944	0.000036
DHN_BOILER_GAS	0.000058	0.000001	17.000000	0.000000	0.000001	Infinity	0.000000	0.000000	1.000000	0.000669	0.950000	0.067080	0.000012
DHN_BOILER_WOOD	0.000095	0.000002	17.000000	0.000000	0.000001	Infinity	0.000000	0.000000	1.000000	0.000704	0.900000	0.067080	0.000024
DHN_BOILER_OIL	0.000052	0.000001	17.000000	0.000000	0.000001	Infinity	0.000000	0.000000	1.000000	0.000517	0.950000	0.067080	0.000012
DHN_DEEP_GEO	0.000000	0.000000	30.000000	0.000000	0.000000	0.000000	0.000000	0.000000	1.000000	0.000000	0.850000	0.041639	0.000000
DHN_SOLAR	0.000149	0.000000	30.000000	0.000000	0.000000	Infinity	0.000000	0.000000	1.000000	0.000221	1.000000	0.041639	0.000091
DEC_HP_ELEC	8663.241746	361.211507	18.000000	0.000000	17.606783	Infinity	0.000000	0.904983	1.000000	0.449194	1.000000	0.063806	2903.182529
DEC_THHP_GAS	584.633982	17.087298	20.000000	0.000000	1.851983	Infinity	0.000000	0.095016	1.000000	0.448368	1.000000	0.058246	707.327854
DEC_COGEN_GAS	0.000665	0.000043	20.000000	0.000000	0.000000	Infinity	0.000000	0.000000	1.000000	0.001600	1.000000	0.058246	0.000484
DEC_COGEN_OIL	0.000498	0.000031	20.000000	0.000000	0.000000	Infinity	0.000000	0.000000	1.000000	0.000860	1.000000	0.058246	0.000390
DEC_ADVCOGEN_GAS	0.001076	0.000020	20.000000	0.000000	0.000000	Infinity	0.000000	0.000000	1.000000	0.000535	1.000000	0.058246	0.000326
DEC_ADVCOGEN_H2	0.000750	0.000014	20.000000	0.000000	0.000000	Infinity	0.000000	0.000000	1.000000	0.000193	1.000000	0.058246	0.000227
DEC_BOILER_GAS	0.000417	0.000013	17.000000	0.000000	0.000003	Infinity	0.000000	0.000000	1.000000	0.001111	1.000000	0.067080	0.000055
DEC_BOILER_WOOD	0.000436	0.000015	17.000000	0.000000	0.000001	Infinity	0.000000	0.000000	1.000000	0.001402	1.000000	0.067080	0.000020
DEC_BOILER_OIL	0.000317	0.000019	17.000000	0.000000	0.000002	Infinity	0.000000	0.000000	1.000000	0.000991	1.000000	0.067080	0.000047
DEC_SOLAR	0.002279	0.000025	20.000000	0.000000	0.000003	Infinity	0.000000	0.000000	1.000000	0.001544	1.000000	0.058246	0.000701
DEC_DIRECT_ELEC	0.000516	0.000002	15.000000	0.000000	0.000013	Infinity	0.000000	0.000000	1.000000	0.000417	1.000000	0.074944	0.000019
TRAMWAY_TROLLEY	4725.034471	94.500689	30.000000	0.000000	7.560055	Infinity	0.000000	0.300000	0.300000	0.342470	0.342470	0.041639	0.000000
BUS_COACH_DIESEL	0.000091	0.000005	15.000000	0.000000	0.000000	Infinity	0.000000	0.000000	1.000000	0.000442	0.296800	0.074944	0.000000
BUS_COACH_HYDIESEL	0.000082	0.000003	15.000000	0.000000	0.000000	Infinity	0.000000	0.000000	1.000000	0.000291	0.296800	0.074944	0.000000
BUS_COACH_CNG_STOICH	12438.835048	621.942883	15.000000	0.000000	20.354494	Infinity	0.000000	0.700000	1.000000	0.296800	0.296800	0.074944	0.000000
BUS_COACH_FC_HYBRIDH2	0.000060	0.000002	15.000000	0.000000	0.000000	Infinity	0.000000	0.000000	1.000000	0.000219	0.296800	0.074944	0.000000
BUS_COACH_ELECTRIC	0.000162	0.000007	15.000000	0.000000	0.000000	Infinity	0.000000	0.000000	1.000000	0.000671	0.296800	0.074944	0.000000
TRAIN_PUB	0.004301	0.000155	40.000000	0.000000	0.000003	Infinity	0.000000	0.000000	0.500000	0.007856	0.275070	0.033427	0.000000
CAR_GASOLINE	21014.500011	1200.000001	10.000000	50.000000	50.000000	Infinity	0.000000	0.297614	1.000000	0.051370	0.051370	0.108434	0.000000
CAR_DIESEL	0.000030	0.000002	10.000000	0.000000	0.000000	Infinity	0.000000	0.000000	1.000000	0.000037	0.051370	0.108434	0.000000
CAR_NG	0.000041	0.000002	10.000000	0.000000	0.000000	Infinity	0.000000	0.000000	1.000000	0.000051	0.051370	0.108434	0.000000
CAR_METHANOL	0.000040	0.000002	10.000000	0.000000	0.000000	Infinity	0.000000	0.000000	1.000000	0.000051	0.051370	0.108434	0.000000
CAR_HEV	0.000027	0.000002	10.000000	0.000000	0.000000	Infinity	0.000000	0.000000	1.000000	0.000034	0.051370	0.108434	0.000000
CAR_PHEV	0.010673	0.000795	10.000000	0.000000	0.000023	Infinity	0.000000	0.000000	1.000000	0.007280	0.051370	0.108434	0.000000
CAR_BEV	51193.174122	1180.028447	10.000000	0.000000	118.002845	Infinity	0.000000	0.702386	1.000000	0.051370	0.051370	0.108434	0.000000
CAR_FUEL_CELL	0.000010	0.000000	10.000000	0.000000	0.000000	Infinity	0.000000	0.000000	1.000000	0.000000	0.051370	0.108434	0.000000
TRAIN_FREIGHT	737.033460	14.740046	40.000000	0.000000	7.058355	Infinity	0.000000	1.000000	1.000000	0.342470	0.342470	0.033427	0.000000
BOAT_FREIGHT_DIESEL	0.000045	0.000002	40.000000	0.000000	0.000001	Infinity	0.000000	0.000000	1.000000	0.000649	0.114160	0.033427	0.000000
BOAT_FREIGHT_NG	0.000013	0.000001	40.000000	0.000000	0.000000	Infinity	0.000000	0.000000	1.000000	0.000181	0.114160	0.033427	0.000000
BOAT_FREIGHT_METHANOL	1941.019215	97.049549	40.000000	0.000000	25.409337	Infinity	0.000000	1.000000	1.000000	0.114160	0.114160	0.033427	0.000000
TRUCK_DIESEL	12617.740004	630.888889	15.000000	34.000000	34.000000	Infinity	0.000000	0.723510	1.000000	0.092590	0.092590	0.074944	0.000000
TRUCK_METHANOL	4821.886015	241.095023	15.000000	0.000000	12.993145	Infinity	0.000000	0.276490	1.000000	0.092590	0.092590	0.074944	0.000000
TRUCK_FUEL_CELL	0.000060	0.000001	15.000000	0.000000	0.000000	Infinity	0.000000	0.000000	1.000000	0.000112	0.092590	0.074944	0.000000
TRUCK_ELEC	0.000889	0.000047	15.000000	0.000000	0.000002	Infinity	0.000000	0.000000	1.000000	0.001897	0.092590	0.074944	0.000000
TRUCK_NG	0.000103	0.000005	15.000000	0.000000	0.000000	Infinity	0.000000	0.000000	1.000000	0.000254	0.092590	0.074944	0.000000
HABER_BOSCH	0.000571	0.000011	20.000000	0.000000	0.000001	Infinity	0.000000	1.000000	1.000000	0.003783	1.000000	0.058246	0.000000
SYN_METHANOLATION	0.000292	0.000008	20.000000	0.000000	0.000000	Infinity	0.000000	0.238686	1.000000	0.000299	0.950000	0.058246	0.000000
METHANE_TO_METHANOL	0.000354	0.000015	25.000000	0.000000	0.000000	Infinity	0.000000	0.494278	1.000000	0.000619	0.850000	0.048263	0.000000
BIOMASS_TO_METHANOL	0.000371	0.000006	20.000000	0.000000	0.000000	Infinity	0.000000	0.267036	1.000000	0.000334	1.000000	0.058246	0.000000
OIL_TO_HVC	0.000278	0.000001	20.000000	0.000000	0.000001	Infinity	0.000000	0.000000	1.000000	0.000632	1.000000	0.058246	0.000000
GAS_TO_HVC	0.000293	0.000007	20.000000	0.000000	0.000000	Infinity	0.000000	0.000000	1.000000	0.000317	1.000000	0.058246	0.000000
METHANOL_TO_HVC	3293.143191	296.382887	20.000000	0.000000	4.723384	Infinity	0.000000	1.000000	1.000000	1.000000	1.000000	0.058246	0.000000
ADLIBIO_TO_HVC	0.000374	0.000008	20.000000	0.000000	0.000000	Infinity	0.000000	0.000000	1.000000	0.001492	1.000000	0.058246	0.000390
PHS	294.000333	0.000000	50.000000	5.000000	5.000006	6.500000	0.000000	-1.000000	1.000000	0.020740	1.000000	0.028572	
BATT_LI	0.001710	0.000003	15.000000	0.000000	0.000006	Infinity	0.000000	-1.000000	1.000000	0.001297	1.000000	0.074944	
BEV_BATT	0.000000	0.000000	1.000000	0.000000	117.066314	Infinity	0.000000	-1.000000	1.000000	0.004419	1.000000	1.015000	
PHEV_BATT	0.000000	0.000000	1.000000	0.000000	0.000005	Infinity	0.000000	-1.000000	1.000000	0.000357	1.000000	1.015000	
TS_DEC_DIRECT_ELEC	0.001237	0.000009	20.000000	0.000000	0.000065	Infinity	0.000000	-1.000000	1.000000	0.000419	1.000000	0.058246	
TS_DEC_HP_ELEC	1021.133992	7.148621	20.000000	0.000000	53.828887	Infinity	0.000000	-1.000000	1.000000	0.029154	1.000000	0.058246	
TS_DEC_THHP_GAS	56.200360	0.393440	20.000000	0.000000	2.962591	Infinity	0.000000	-1.000000	1.000000	0.051262	1.000000	0.058246	
TS_DEC_COGEN_GAS	0.001238	0.000009	20.000000	0.000000	0.000065	Infinity	0.000000	-1.000000	1.000000	0.000483	1.000000	0.058246	
TS_DEC_COGEN_OIL	0.001251	0.000009	20.000000	0.000000	0.000066	Infinity	0.000000	-1.000000	1.000000	0.000405	1.000000	0.058246	
TS_DEC_ADVCOGEN_GAS	0.001239	0.000009	20.000000	0.000000	0.000065	Infinity	0.000000	-1.000000	1.000000	0.000448	1.000000	0.058246	
TS_DEC_ADVCOGEN_H2	0.001227	0.000009	20.000000	0.000000	0.000065	Infinity	0.000000	-1.000000	1.000000	0.000245	1.000000	0.058246	
TS_DEC_BOILER_GAS	0.001236	0.000009	20.000000	0.000000	0.000065	Infinity	0.000000	-1.000000	1.000000	0.000554	1.000000	0.058246	
TS_DEC_BOILER_WOOD	0.001234	0.000009	20.000000	0.000000	0.000065	Infinity	0.000000	-1.000000	1.000000	0.000488	1.000000	0.058246	
TS_DEC_BOILER_OIL	0.001232	0.000009	20.000000	0.000000	0.000065	Infinity	0.000000	-1.000000	1.000000	0.000426	1.000000	0.058246	
TS_DHN_DAILY	0.001663	0.000005	40.000000	0.000000	0.000554	Infinity	0.000000	-1.000000	1.000000	0.000788	1.000000	0.033427	
TS_DHN_SEASONAL	285.964147	1.566624	25.000000	0.000000	529.563236	Infinity	0.000000	-1.000000	1.000000	0.001429	1.000000	0.048263	
TS_HIGH_TEMP	44.154231	0.472575	25.000000	0.000000	1.575249	Infinity	0.000000	-1.000000	1.000000	0.040651	1.000000	0.048263	
GAS_STORAGE	64.745069	1.695238	50.000000	0.000000	1294.901375	Infinity	0.000000	-1.000000	1.000000	0.000263	1.000000	0.028572	
H2_STORAGE	12.008880	0.756618	20.000000	0.000000	1.940045	Infinity	0.000000	-1.000000	1.000000	0.006987	1.000000	0.058246	
DIESEL_STORAGE	0.007423	0.000295	20.000000	0.000000	0.742342	Infinity	0.000000	-1.000000	1.000000	0.000028	1.000000	0.058246	
GASOLINE_STORAGE	2.724346	0.108157	20.000000	0.000000	272.434595	Infinity	0.000000	-1.000000	1.000000	0.001598	1.000000	0.058246	
LFO_STORAGE	0.008034	0.000319	20.000000	0.000000	0.803363	Infinity	0.000000	-1.000000	1.000000	0.000000	1.000000	0.058246	
AMMONIA_STORAGE	0.000031	0.000001	20.000000	0.000000	0.003059	Infinity	0.000000	-1.000000	1.000000	0.000007	1.000000	0.058246	
METHANOL_STORAGE	0.000001	0.000000	20.000000	0.000000	0.000088	Infinity	0.000000	-1.000000	1.000000	0.000005	1.000000	0.058246	
CO2_STORAGE	0.024556	0.000246	30.000000	0.000000	0.000496	Infinity	0.000000	-1.000000	1.000000	0.000005	1.000000	0.041639	
ADLIBIO_TO_FUEL	933.670054	17.048469	20.000000	0.000000	1.331912	Infinity	0.000000	-1.000000	1.000000	0.958045	1.000000	0.058246	
AMMONIA_TO_H2	0.000171	0.000016	25.000000	0.000000	0.000000	Infinity	0.000000	-1.000000	1.000000	0.000187	0.860000	0.048263	
ATM_CCS	0.000464	0.000012	40.000000	0.000000	0.000000	Infinity	0.000000	-1.000000	1.000000	0.000090	1.000000	0.033427	
BIO_HYDROLYSIS	3517.903353	239.852918	15.000000	0.000000	2.209863	Infinity	0.000000	-1.000000	1.000000	0.850000	0.850000	0.074944	
BIOMETHANATION	0.007654	0.000106	20.000000	0.000000	0.000008	Infinity	0.000000	-1.000000	1.000000	0.045586	0.850000	0.058246	
DHN	6707.693830	0.000000	60.000000	0.000000	8.121875	Infinity	0.000000	-1.000000	1.000000	0.000000	1.000000	0.025393	
EFFICIENCY	5517.241379	0.000000	1.000000	0.000000	0.985222	Infinity	0.000000	-1.000000	1.000000	0.000000	1.000000	1.015000	
GASIFICATION_SNG	0.000340	0.000024	25.000000	0.000000	0.000000	Infinity	0.000000	-1.000000	1.000000	0.000577	0.850000	0.048263	
GRID	94533.228968	0.000000	80.000000	0.000000	1.261805	Infinity	0.000000	-1.000000	1.000000	0.000000	1.000000	0.021548	
H2_BIOMASS	682.206224	48.060629	25.000000	0.000000	0.270139	Infinity	0.000000	-1.000000	1.000000	0.860000	0.860000	0.048263	
H2_ELECTROLYSIS	0.000752	0.000021	15.000000	0.000000	0.000001	Infinity	0.000000	-1.000000	1.000000	0.001623	0.900000	0.074944	
INDUSTRY_CCS	0.000432	0.000011	40.000000	0.000000	0.000000	Infinity	0.000000	-1.000000	1.000000	0.000119	1.000000	0.033427	
REDIFUEL	0.000523	0.000014	20.000000	0.000000	0.000000	Infinity	0.000000	-1.000000	1.000000	0.000138	1.000000	0.058246	
SMR	1.756711	0.162112	25.000000	0.000000	0.002579	Infinity	0.000000	-1.000000	1.000000	0.503440	0.860000	0.048263	
SYN_METHANATION	0.000093	0.000024	40.000000	0.000000	0.000000	Infinity	0.000000	-1.000000	1.000000	0.000584	1.000000	0.033427	