Name	Crit_2_tech	Crit_2_res	Crit_2_op
NUCLEAR	0.000000	0.000000	0.000000
CCGT	0.000236	0.000000	-0.000511
CCGT_AMMONIA	0.000038	0.000000	0.000001
COAL_US	0.000000	0.000000	0.000000
COAL_IGCC	0.000000	0.000000	0.000000
PV	8973.283108	0.000000	0.000000
WIND_ONSHORE	3347.582880	0.000000	85.297938
WIND_OFFSHORE	1078.850443	0.000000	120.482698
HYDRO_RIVER	36.234859	0.000000	-7.562592
GEOTHERMAL	0.000000	0.000000	0.000000
IND_COGEN_GAS	165.522601	0.000000	261.444517
IND_COGEN_WOOD	0.000073	0.000000	0.000015
IND_COGEN_WASTE	0.000034	0.000000	0.000009
IND_BOILER_GAS	23.927145	0.000000	0.000000
IND_BOILER_WOOD	0.000180	0.000000	0.000003
IND_BOILER_OIL	0.000015	0.000000	0.000000
IND_BOILER_COAL	614.282879	0.000000	313.977173
IND_BOILER_WASTE	191.593182	0.000000	171.066951
IND_DIRECT_ELEC	0.778241	0.000000	0.000000
DHN_HP_ELEC	114.143652	0.000000	6.247365
DHN_COGEN_GAS	315.838378	0.000000	503.146063
DHN_COGEN_WOOD	0.000018	0.000000	0.000003
DHN_COGEN_WASTE	0.000031	0.000000	0.000007
DHN_COGEN_WET_BIOMASS	0.000883	0.000000	0.000303
DHN_COGEN_BIO_HYDROLYSIS	0.000053	0.000000	0.000326
DHN_BOILER_GAS	0.000003	0.000000	0.000000
DHN_BOILER_WOOD	0.000063	0.000000	0.000001
DHN_BOILER_OIL	0.000003	0.000000	0.000000
DHN_DEEP_GEO	0.000000	0.000000	0.000000
DHN_SOLAR	0.000322	0.000000	0.000000
DEC_HP_ELEC	587.052219	0.000000	24.735878
DEC_THHP_GAS	250.812471	0.000000	0.000000
DEC_COGEN_GAS	0.000090	0.000000	0.000030
DEC_COGEN_OIL	0.000073	0.000000	0.000004
DEC_ADVCOGEN_GAS	0.000154	0.000000	0.000118
DEC_ADVCOGEN_H2	0.000108	0.000000	0.000043
DEC_BOILER_GAS	0.000051	0.000000	0.000000
DEC_BOILER_WOOD	0.000666	0.000000	0.000001
DEC_BOILER_OIL	0.000044	0.000000	0.000000
DEC_SOLAR	0.003735	0.000000	0.000000
DEC_DIRECT_ELEC	0.000010	0.000000	0.000000
TRAMWAY_TROLLEY	78.587427	0.000000	0.000000
BUS_COACH_DIESEL	0.000040	0.000000	0.000000
BUS_COACH_HYDIESEL	0.000027	0.000000	0.000000
BUS_COACH_CNG_STOICH	5563.724565	0.000000	4.725848
BUS_COACH_FC_HYBRIDH2	0.000025	0.000000	0.000000
BUS_COACH_ELECTRIC	0.000076	0.000000	0.000000
TRAIN_PUB	0.000077	0.000000	0.000000
CAR_GASOLINE	6191.681713	0.000000	1255.705376
CAR_DIESEL	0.000009	0.000000	0.000002
CAR_NG	0.000012	0.000000	0.000002
CAR_METHANOL	0.000012	0.000000	0.000003
CAR_HEV	0.000009	0.000000	0.000002
CAR_PHEV	0.004035	0.000000	0.000370
CAR_BEV	28993.422235	0.000000	3402.315727
CAR_FUEL_CELL	0.000007	0.000000	0.000000
TRAIN_FREIGHT	247.342362	0.000000	0.000000
BOAT_FREIGHT_DIESEL	0.000005	0.000000	0.000000
BOAT_FREIGHT_NG	0.000001	0.000000	0.000000
BOAT_FREIGHT_METHANOL	210.053707	0.000000	4.680950
TRUCK_DIESEL	6467.159742	0.000000	0.408140
TRUCK_METHANOL	2422.466239	0.000000	0.155971
TRUCK_FUEL_CELL	0.000031	0.000000	0.000000
TRUCK_ELEC	0.000502	0.000000	0.000000
TRUCK_NG	0.000053	0.000000	0.000000
HABER_BOSCH	0.002432	0.000000	0.000036
SYN_METHANOLATION	0.000601	0.000000	0.000025
METHANE_TO_METHANOL	0.000004	0.000000	0.000002
BIOMASS_TO_METHANOL	0.000508	0.000000	0.000218
OIL_TO_HVC	0.001014	0.000000	0.000000
GAS_TO_HVC	0.000529	0.000000	0.000000
METHANOL_TO_HVC	6811.851769	0.000000	0.000000
ADLIBIO_TO_HVC	0.000592	0.000000	0.000174
PHS	6016.706845	0.000000	0.000000
BATT_LI	0.000358	0.000000	0.000000
BEV_BATT	0.000000	0.000000	0.000000
PHEV_BATT	0.004402	0.000000	0.000000
TS_DEC_DIRECT_ELEC	0.000470	0.000000	0.000000
TS_DEC_HP_ELEC	388.381023	0.000000	0.000000
TS_DEC_THHP_GAS	21.375406	0.000000	0.000000
TS_DEC_COGEN_GAS	0.000471	0.000000	0.000000
TS_DEC_COGEN_OIL	0.000476	0.000000	0.000000
TS_DEC_ADVCOGEN_GAS	0.000471	0.000000	0.000000
TS_DEC_ADVCOGEN_H2	0.000467	0.000000	0.000000
TS_DEC_BOILER_GAS	0.000470	0.000000	0.000000
TS_DEC_BOILER_WOOD	0.000469	0.000000	0.000000
TS_DEC_BOILER_OIL	0.000469	0.000000	0.000000
TS_DHN_DAILY	0.002000	0.000000	0.000000
TS_DHN_SEASONAL	3056.683081	0.000000	0.000000
TS_HIGH_TEMP	9.092469	0.000000	0.000000
GAS_STORAGE	2755.174778	0.000000	0.000000
H2_STORAGE	4.056022	0.000000	0.000000
DIESEL_STORAGE	0.014197	0.000000	0.000000
GASOLINE_STORAGE	5.390532	0.000000	0.000000
LFO_STORAGE	0.012483	0.000000	0.000000
AMMONIA_STORAGE	0.040834	0.000000	0.000000
METHANOL_STORAGE	0.303170	0.000000	0.000000
CO2_STORAGE	0.000893	0.000000	0.000000
ADLIBIO_TO_FUEL	2005.069703	0.000000	1078.005246
AMMONIA_TO_H2	0.000155	0.000000	0.000000
ATM_CCS	0.000030	0.000000	0.000008
BIO_HYDROLYSIS	1564.071440	0.000000	12243.065797
BIOMETHANATION	0.023653	0.000000	0.008475
DHN	0.000000	0.000000	0.000000
EFFICIENCY	0.000000	0.000000	0.000000
GASIFICATION_SNG	0.000057	0.000000	0.000245
GRID	829.237998	0.000000	0.000000
H2_BIOMASS	114.717497	0.000000	9.164305
H2_ELECTROLYSIS	0.000131	0.000000	0.000003
INDUSTRY_CCS	0.000000	0.000000	0.000004
REDIFUEL	0.000200	0.000000	0.000043
SMR	0.000000	0.000000	0.048499
SYN_METHANATION	0.000094	0.000000	0.000000
AMMONIA	0.000000	0.000149	0.000000
AMMONIA_RE_BE	0.000000	0.000000	0.000000
AMMONIA_RE_IMPORT	0.000000	36293.174716	0.000000
BIODIESEL	0.000000	0.005808	0.000000
BIODIESEL_BE	0.000000	0.000000	0.000000
BIOETHANOL	0.000000	0.007150	0.000000
CO2_ATM	0.000000	0.000000	0.000000
CO2_CAPTURED	0.000000	0.000000	0.000000
CO2_EMISSIONS	0.000000	0.000000	0.000000
CO2_INDUSTRY	0.000000	0.000000	0.000000
COAL	0.000000	18524.067555	0.000000
DIESEL	0.000000	8663.404095	0.000000
ELEC_EXPORT	0.000000	0.000000	0.000000
ELECTRICITY	0.000000	42652.717792	0.000000
GAS	0.000000	8692.234763	0.000000
GAS_RE_BE	0.000000	0.000000	0.000000
GAS_RE_IMPORT	0.000000	0.000001	0.000000
GASOLINE	0.000000	0.000424	0.000000
H2	0.000000	0.000003	0.000000
H2_RE_BE	0.000000	0.000000	0.000000
H2_RE_IMPORT	0.000000	22546.381706	0.000000
LFO	0.000000	0.003100	0.000000
LFO_RE_BE	0.000000	0.000000	0.000000
METHANOL	0.000000	18634.026593	0.000000
METHANOL_RE_BE	0.000000	0.000000	0.000000
METHANOL_RE_IMPORT	0.000000	0.000497	0.000000
RES_GEO	0.000000	0.000000	0.000000
RES_HYDRO	0.000000	0.000000	0.000000
RES_SOLAR	0.000000	0.000000	0.000000
RES_WIND	0.000000	0.000000	0.000000
URANIUM	0.000000	0.000000	0.000000
WASTE	0.000000	0.000000	0.000000
WET_BIOMASS	0.000000	90117.439588	0.000000
WOOD	0.000000	95211.482339	0.000000
WOOD_PRODUCTION	0.000000	0.008542	0.000000
