Name	LCA_tech	LCA_res	LCA_op
NUCLEAR	0.000000	0.000000	0.000000
CCGT	0.000016	0.000000	0.004184
CCGT_AMMONIA	0.000003	0.000000	0.000000
COAL_US	0.000000	0.000000	0.000000
COAL_IGCC	0.000000	0.000000	0.000000
PV	829.206137	0.000000	0.000000
WIND_ONSHORE	133.608580	0.000000	2.149706
WIND_OFFSHORE	118.263261	0.000000	3.036454
HYDRO_RIVER	3.051277	0.000000	0.009662
GEOTHERMAL	0.000000	0.000000	0.000000
IND_COGEN_GAS	22.491356	0.000000	4840.141008
IND_COGEN_WOOD	0.000005	0.000000	0.002076
IND_COGEN_WASTE	0.000003	0.000000	0.000270
IND_BOILER_GAS	3.615499	0.000000	2078.131476
IND_BOILER_WOOD	0.000008	0.000000	0.001314
IND_BOILER_OIL	0.000002	0.000000	0.000271
IND_BOILER_COAL	16.412515	0.000000	9552.619499
IND_BOILER_WASTE	8.902423	0.000000	4896.345916
IND_DIRECT_ELEC	0.070481	0.000000	0.000000
DHN_HP_ELEC	23.391227	0.000000	308.652630
DHN_COGEN_GAS	21.474839	0.000000	9314.778998
DHN_COGEN_WOOD	0.000001	0.000000	0.000342
DHN_COGEN_WASTE	0.000003	0.000000	0.000213
DHN_COGEN_WET_BIOMASS	0.000030	0.000000	0.001544
DHN_COGEN_BIO_HYDROLYSIS	0.000001	0.000000	0.000311
DHN_BOILER_GAS	0.000001	0.000000	0.000119
DHN_BOILER_WOOD	0.000003	0.000000	0.000268
DHN_BOILER_OIL	0.000000	0.000000	0.000127
DHN_DEEP_GEO	0.000000	0.000000	0.000000
DHN_SOLAR	0.000024	0.000000	0.000000
DEC_HP_ELEC	120.303421	0.000000	1222.078979
DEC_THHP_GAS	27.513403	0.000000	913.488879
DEC_COGEN_GAS	0.000013	0.000000	0.000556
DEC_COGEN_OIL	0.000010	0.000000	0.000452
DEC_ADVCOGEN_GAS	0.000008	0.000000	0.000436
DEC_ADVCOGEN_H2	0.000006	0.000000	0.000001
DEC_BOILER_GAS	0.000005	0.000000	0.000202
DEC_BOILER_WOOD	0.000013	0.000000	0.000543
DEC_BOILER_OIL	0.000004	0.000000	0.000249
DEC_SOLAR	0.000283	0.000000	0.000000
DEC_DIRECT_ELEC	0.000001	0.000000	0.000000
TRAMWAY_TROLLEY	6.777617	0.000000	0.000000
BUS_COACH_DIESEL	0.000002	0.000000	0.000029
BUS_COACH_HYDIESEL	0.000001	0.000000	0.000014
BUS_COACH_CNG_STOICH	246.864039	0.000000	3898.553074
BUS_COACH_FC_HYBRIDH2	0.000001	0.000000	0.000001
BUS_COACH_ELECTRIC	0.000004	0.000000	0.000002
TRAIN_PUB	0.000004	0.000000	0.000001
CAR_GASOLINE	807.192494	0.000000	3184.409506
CAR_DIESEL	0.000001	0.000000	0.000004
CAR_NG	0.000002	0.000000	0.000004
CAR_METHANOL	0.000002	0.000000	0.000006
CAR_HEV	0.000001	0.000000	0.000003
CAR_PHEV	0.000458	0.000000	0.000246
CAR_BEV	2866.916435	0.000000	465.654598
CAR_FUEL_CELL	0.000001	0.000000	0.000001
TRAIN_FREIGHT	28.944183	0.000000	48.205783
BOAT_FREIGHT_DIESEL	0.000000	0.000000	0.000017
BOAT_FREIGHT_NG	0.000000	0.000000	0.000005
BOAT_FREIGHT_METHANOL	19.784964	0.000000	857.363981
TRUCK_DIESEL	337.456016	0.000000	3930.810771
TRUCK_METHANOL	125.843782	0.000000	1726.248869
TRUCK_FUEL_CELL	0.000002	0.000000	0.000000
TRUCK_ELEC	0.000030	0.000000	0.000001
TRUCK_NG	0.000003	0.000000	0.000034
HABER_BOSCH	0.000071	0.000000	0.000004
SYN_METHANOLATION	0.000018	0.000000	0.000002
METHANE_TO_METHANOL	0.000001	0.000000	0.000002
BIOMASS_TO_METHANOL	0.000015	0.000000	0.000181
OIL_TO_HVC	0.000030	0.000000	0.000259
GAS_TO_HVC	0.000015	0.000000	0.000154
METHANOL_TO_HVC	199.452277	0.000000	10581.647309
ADLIBIO_TO_HVC	0.000017	0.000000	0.000612
PHS	546.176097	0.000000	0.000000
BATT_LI	0.000031	0.000000	0.000000
BEV_BATT	0.000000	0.000000	0.000000
PHEV_BATT	0.000376	0.000000	0.000000
TS_DEC_DIRECT_ELEC	0.000019	0.000000	0.000000
TS_DEC_HP_ELEC	15.535880	0.000000	0.000000
TS_DEC_THHP_GAS	0.855051	0.000000	0.000000
TS_DEC_COGEN_GAS	0.000019	0.000000	0.000000
TS_DEC_COGEN_OIL	0.000019	0.000000	0.000000
TS_DEC_ADVCOGEN_GAS	0.000019	0.000000	0.000000
TS_DEC_ADVCOGEN_H2	0.000019	0.000000	0.000000
TS_DEC_BOILER_GAS	0.000019	0.000000	0.000000
TS_DEC_BOILER_WOOD	0.000019	0.000000	0.000000
TS_DEC_BOILER_OIL	0.000019	0.000000	0.000000
TS_DHN_DAILY	0.000080	0.000000	0.000000
TS_DHN_SEASONAL	122.272352	0.000000	0.000000
TS_HIGH_TEMP	0.363714	0.000000	0.000000
GAS_STORAGE	729.256542	0.000000	0.000000
H2_STORAGE	1.073573	0.000000	0.000000
DIESEL_STORAGE	0.001018	0.000000	0.000000
GASOLINE_STORAGE	0.386431	0.000000	0.000000
LFO_STORAGE	0.000895	0.000000	0.000000
AMMONIA_STORAGE	0.010808	0.000000	0.000000
METHANOL_STORAGE	0.008877	0.000000	0.000000
CO2_STORAGE	0.000236	0.000000	0.000000
ADLIBIO_TO_FUEL	58.708811	0.000000	0.000000
AMMONIA_TO_H2	0.000005	0.000000	0.000000
ATM_CCS	0.000002	0.000000	-0.000073
BIO_HYDROLYSIS	13.334902	0.000000	10124.528780
BIOMETHANATION	0.000723	0.000000	0.033652
DHN	0.000000	0.000000	0.000000
EFFICIENCY	0.000000	0.000000	0.000000
GASIFICATION_SNG	0.000000	0.000000	0.000202
GRID	22.044795	0.000000	0.000000
H2_BIOMASS	0.978054	0.000000	0.644282
H2_ELECTROLYSIS	0.000011	0.000000	0.000000
INDUSTRY_CCS	0.000000	0.000000	0.000019
REDIFUEL	0.000004	0.000000	0.000113
SMR	0.000000	0.000000	2.929859
SYN_METHANATION	0.000001	0.000000	0.000000
AMMONIA	0.000000	0.000653	0.000000
AMMONIA_RE_BE	0.000000	0.000000	0.000000
AMMONIA_RE_IMPORT	0.000000	773.352604	0.000000
BIODIESEL	0.000000	-0.000017	0.000000
BIODIESEL_BE	0.000000	0.000000	0.000000
BIOETHANOL	0.000000	-0.000015	0.000000
CO2_ATM	0.000000	0.000000	0.000000
CO2_CAPTURED	0.000000	0.000000	0.000000
CO2_EMISSIONS	0.000000	0.000000	0.000000
CO2_INDUSTRY	0.000000	0.000000	0.000000
COAL	0.000000	1087.188283	0.000000
DIESEL	0.000000	521.323758	0.000000
ELEC_EXPORT	0.000000	0.000000	0.000000
ELECTRICITY	0.000000	1100.911964	0.000000
GAS	0.000000	5675.018775	0.000000
GAS_RE_BE	0.000000	0.000000	0.000000
GAS_RE_IMPORT	0.000000	-0.000000	0.000000
GASOLINE	0.000000	0.000034	0.000000
H2	0.000000	0.000002	0.000000
H2_RE_BE	0.000000	0.000000	0.000000
H2_RE_IMPORT	0.000000	421.451698	0.000000
LFO	0.000000	0.000191	0.000000
LFO_RE_BE	0.000000	0.000000	0.000000
METHANOL	0.000000	4684.834048	0.000000
METHANOL_RE_BE	0.000000	0.000000	0.000000
METHANOL_RE_IMPORT	0.000000	-0.000012	0.000000
RES_GEO	0.000000	0.000000	0.000000
RES_HYDRO	0.000000	0.000000	0.000000
RES_SOLAR	0.000000	0.000000	0.000000
RES_WIND	0.000000	0.000000	0.000000
URANIUM	0.000000	0.000000	0.000000
WASTE	0.000000	0.000000	0.000000
WET_BIOMASS	0.000000	-16198.328226	0.000000
WOOD	0.000000	-7496.776420	0.000000
WOOD_PRODUCTION	0.000000	-0.000304	0.000000
