Name	LCA_tech	LCA_res	LCA_op
NUCLEAR	0.000000	0.000000	0.000000
CCGT	0.000088	0.000000	0.024908
CCGT_AMMONIA	0.000017	0.000000	0.000005
COAL_US	0.000000	0.000000	0.000000
COAL_IGCC	0.000000	0.000000	0.000000
PV	833.085728	0.000000	0.000000
WIND_ONSHORE	133.608580	0.000000	2.143745
WIND_OFFSHORE	118.263261	0.000000	3.033329
HYDRO_RIVER	3.051277	0.000000	0.009722
GEOTHERMAL	0.000000	0.000000	0.000000
IND_COGEN_GAS	27.024325	0.000000	5815.636329
IND_COGEN_WOOD	0.000033	0.000000	0.016392
IND_COGEN_WASTE	0.000017	0.000000	0.001416
IND_BOILER_GAS	3.699146	0.000000	2111.418651
IND_BOILER_WOOD	0.000050	0.000000	0.009318
IND_BOILER_OIL	0.000012	0.000000	0.002514
IND_BOILER_COAL	15.719399	0.000000	9149.225826
IND_BOILER_WASTE	9.026276	0.000000	4896.340061
IND_DIRECT_ELEC	0.050071	0.000000	0.000000
DHN_HP_ELEC	24.396667	0.000000	331.597082
DHN_COGEN_GAS	20.012867	0.000000	8630.323238
DHN_COGEN_WOOD	0.000006	0.000000	0.002389
DHN_COGEN_WASTE	0.000015	0.000000	0.001088
DHN_COGEN_WET_BIOMASS	0.000181	0.000000	0.011325
DHN_COGEN_BIO_HYDROLYSIS	0.000005	0.000000	0.001420
DHN_BOILER_GAS	0.000002	0.000000	0.000571
DHN_BOILER_WOOD	0.000014	0.000000	0.001590
DHN_BOILER_OIL	0.000002	0.000000	0.000814
DHN_DEEP_GEO	0.000000	0.000000	0.000000
DHN_SOLAR	0.000363	0.000000	0.000000
DEC_HP_ELEC	119.699349	0.000000	1216.080603
DEC_THHP_GAS	28.826659	0.000000	957.037367
DEC_COGEN_GAS	0.000084	0.000000	0.003910
DEC_COGEN_OIL	0.000091	0.000000	0.006564
DEC_ADVCOGEN_GAS	0.000049	0.000000	0.002461
DEC_ADVCOGEN_H2	0.000037	0.000000	0.000007
DEC_BOILER_GAS	0.000024	0.000000	0.001031
DEC_BOILER_WOOD	0.000057	0.000000	0.003364
DEC_BOILER_OIL	0.000021	0.000000	0.001787
DEC_SOLAR	0.003701	0.000000	0.000000
DEC_DIRECT_ELEC	0.000004	0.000000	0.000000
TRAMWAY_TROLLEY	6.777617	0.000000	0.000000
BUS_COACH_DIESEL	0.000007	0.000000	0.000116
BUS_COACH_HYDIESEL	0.000011	0.000000	0.000136
BUS_COACH_CNG_STOICH	246.863816	0.000000	3898.549552
BUS_COACH_FC_HYBRIDH2	0.000014	0.000000	0.000006
BUS_COACH_ELECTRIC	0.000024	0.000000	0.000011
TRAIN_PUB	0.000026	0.000000	0.000006
CAR_GASOLINE	807.192495	0.000000	3184.409403
CAR_DIESEL	0.000008	0.000000	0.000027
CAR_NG	0.000012	0.000000	0.000032
CAR_METHANOL	0.000010	0.000000	0.000038
CAR_HEV	0.000007	0.000000	0.000019
CAR_PHEV	0.003269	0.000000	0.001724
CAR_BEV	2866.914310	0.000000	465.654251
CAR_FUEL_CELL	0.000007	0.000000	0.000216
TRAIN_FREIGHT	28.944183	0.000000	48.205783
BOAT_FREIGHT_DIESEL	0.000220	0.000000	0.007385
BOAT_FREIGHT_NG	0.000081	0.000000	0.003436
BOAT_FREIGHT_METHANOL	19.784689	0.000000	857.352042
TRUCK_DIESEL	337.456017	0.000000	3930.810778
TRUCK_METHANOL	125.843456	0.000000	1726.244401
TRUCK_FUEL_CELL	0.000034	0.000000	0.000001
TRUCK_ELEC	0.000730	0.000000	0.000014
TRUCK_NG	0.000006	0.000000	0.000072
HABER_BOSCH	0.000560	0.000000	0.000019
SYN_METHANOLATION	0.000143	0.000000	0.000009
METHANE_TO_METHANOL	0.000006	0.000000	0.000012
BIOMASS_TO_METHANOL	0.000106	0.000000	0.000909
OIL_TO_HVC	0.000315	0.000000	0.001930
GAS_TO_HVC	0.000130	0.000000	0.001194
METHANOL_TO_HVC	199.452193	0.000000	10581.640705
ADLIBIO_TO_HVC	0.000199	0.000000	0.010179
PHS	546.179531	0.000000	0.000000
BATT_LI	0.000286	0.000000	0.000000
BEV_BATT	0.000000	0.000000	0.000000
PHEV_BATT	0.002681	0.000000	0.000000
TS_DEC_DIRECT_ELEC	0.000094	0.000000	0.000000
TS_DEC_HP_ELEC	15.457880	0.000000	0.000000
TS_DEC_THHP_GAS	0.899665	0.000000	0.000000
TS_DEC_COGEN_GAS	0.000093	0.000000	0.000000
TS_DEC_COGEN_OIL	0.000095	0.000000	0.000000
TS_DEC_ADVCOGEN_GAS	0.000094	0.000000	0.000000
TS_DEC_ADVCOGEN_H2	0.000093	0.000000	0.000000
TS_DEC_BOILER_GAS	0.000093	0.000000	0.000000
TS_DEC_BOILER_WOOD	0.000093	0.000000	0.000000
TS_DEC_BOILER_OIL	0.000093	0.000000	0.000000
TS_DHN_DAILY	0.000388	0.000000	0.000000
TS_DHN_SEASONAL	129.886617	0.000000	0.000000
TS_HIGH_TEMP	0.463061	0.000000	0.000000
GAS_STORAGE	700.089157	0.000000	0.000000
H2_STORAGE	0.296791	0.000000	0.000000
DIESEL_STORAGE	0.010861	0.000000	0.000000
GASOLINE_STORAGE	0.371278	0.000000	0.000000
LFO_STORAGE	0.012200	0.000000	0.000000
AMMONIA_STORAGE	0.123457	0.000000	0.000000
METHANOL_STORAGE	0.145181	0.000000	0.000000
CO2_STORAGE	0.001231	0.000000	0.000000
ADLIBIO_TO_FUEL	57.716835	0.000000	0.000000
AMMONIA_TO_H2	0.000028	0.000000	0.000000
ATM_CCS	0.000013	0.000000	-0.000409
BIO_HYDROLYSIS	13.334418	0.000000	10124.161329
BIOMETHANATION	0.008002	0.000000	0.380807
DHN	0.000000	0.000000	0.000000
EFFICIENCY	0.000000	0.000000	0.000000
GASIFICATION_SNG	0.000003	0.000000	0.001168
GRID	22.059775	0.000000	0.000000
H2_BIOMASS	0.978025	0.000000	0.644263
H2_ELECTROLYSIS	0.000070	0.000000	0.000001
INDUSTRY_CCS	0.000000	0.000000	0.000094
REDIFUEL	0.000017	0.000000	0.000615
SMR	0.000000	0.000000	0.500365
SYN_METHANATION	0.000004	0.000000	0.000000
AMMONIA	0.000000	0.002690	0.000000
AMMONIA_RE_BE	0.000000	0.000000	0.000000
AMMONIA_RE_IMPORT	0.000000	773.351887	0.000000
BIODIESEL	0.000000	-0.000078	0.000000
BIODIESEL_BE	0.000000	0.000000	0.000000
BIOETHANOL	0.000000	-0.000086	0.000000
CO2_ATM	0.000000	0.000000	0.000000
CO2_CAPTURED	0.000000	0.000000	0.000000
CO2_EMISSIONS	0.000000	0.000000	0.000000
CO2_INDUSTRY	0.000000	0.000000	0.000000
COAL	0.000000	1041.277853	0.000000
DIESEL	0.000000	521.324739	0.000000
ELEC_EXPORT	0.000000	0.000000	0.000000
ELECTRICITY	0.000000	1100.911964	0.000000
GAS	0.000000	5756.840671	0.000000
GAS_RE_BE	0.000000	0.000000	0.000000
GAS_RE_IMPORT	0.000000	-0.000001	0.000000
GASOLINE	0.000000	0.000474	0.000000
H2	0.000000	0.000020	0.000000
H2_RE_BE	0.000000	0.000000	0.000000
H2_RE_IMPORT	0.000000	421.312899	0.000000
LFO	0.000000	0.001928	0.000000
LFO_RE_BE	0.000000	0.000000	0.000000
METHANOL	0.000000	4684.826693	0.000000
METHANOL_RE_BE	0.000000	0.000000	0.000000
METHANOL_RE_IMPORT	0.000000	-0.000137	0.000000
RES_GEO	0.000000	0.000000	0.000000
RES_HYDRO	0.000000	0.000000	0.000000
RES_SOLAR	0.000000	0.000000	0.000000
RES_WIND	0.000000	0.000000	0.000000
URANIUM	0.000000	0.000000	0.000000
WASTE	0.000000	0.000000	0.000000
WET_BIOMASS	0.000000	-16198.326443	0.000000
WOOD	0.000000	-7496.776046	0.000000
WOOD_PRODUCTION	0.000000	-0.001854	0.000000
