TECHNOLOGIES	 c_inv	 c_maint	 lifetime	  f_min	 f	 f_max	 fmin_perc	f_perc	 fmax_perc	 c_p	 c_p_max	 tau	 gwp_constr
 UNITS	[M€/GW]	 [M€/GW/y]	 [y]	 [GW or GWh]	 [GW or GWh]	 [GW or GWh]	 [0-1]	 [0-1]	 [0-1]	 [0-1]	 [0-1]	 [-]	 [ktCO2-eq./GW or GWh]
NUCLEAR	0.000000	0.000000	60.000000	0.000000	0.000000	0.000000	0.000000	0.000000	1.000000	0.000000	0.849000	0.025393	0.000000
CCGT	0.004864	0.000123	25.000000	0.000000	0.000006	Infinity	0.000000	0.000000	1.000000	0.018904	0.961540	0.048263	0.001114
CCGT_AMMONIA	0.000802	0.000020	25.000000	0.000000	0.000001	Infinity	0.000000	0.000000	1.000000	0.000419	0.630000	0.048263	0.000184
COAL_US	0.000000	0.000000	35.000000	0.000000	0.000000	0.000000	0.000000	0.000000	1.000000	0.000000	0.868000	0.036934	0.000000
COAL_IGCC	0.000000	0.000000	35.000000	0.000000	0.000000	0.000000	0.000000	0.000000	1.000000	0.000000	0.856000	0.036934	0.000000
PV	14782.903652	168.822585	25.000000	0.000000	13.638246	59.200000	0.000000	0.249105	1.000000	0.118706	1.000000	0.048263	28387.053728
WIND_ONSHORE	11011.799968	128.075294	30.000000	0.000000	10.000000	10.000000	0.000000	0.374282	1.000000	0.243247	1.000000	0.041639	6228.499982
WIND_OFFSHORE	31317.239992	217.889557	30.000000	0.000000	6.000000	6.000000	0.000000	0.368051	1.000000	0.398664	1.000000	0.041639	3737.099999
HYDRO_RIVER	580.165794	5.801152	40.000000	0.000000	0.115000	0.115000	0.000000	0.008562	1.000000	0.483867	1.000000	0.033427	145.224298
GEOTHERMAL	0.000000	0.000000	30.000000	0.000000	0.000000	0.000000	0.000000	0.000000	1.000000	0.000000	0.950000	0.041639	0.000000
IND_COGEN_GAS	6958.154798	447.262122	25.000000	0.000000	4.687394	Infinity	0.000000	0.709542	1.000000	0.850000	0.850000	0.048263	4801.391179
IND_COGEN_WOOD	0.001017	0.000037	25.000000	0.000000	0.000001	Infinity	0.000000	0.000000	1.000000	0.000996	0.850000	0.048263	0.000148
IND_COGEN_WASTE	0.000841	0.000031	25.000000	0.000000	0.000000	Infinity	0.000000	0.000000	1.000000	0.000431	0.850000	0.048263	0.000176
IND_BOILER_GAS	450.858459	9.032998	17.000000	0.000000	6.959840	Infinity	0.000000	0.154211	1.000000	0.124419	0.950000	0.067080	85.745233
IND_BOILER_WOOD	0.000574	0.000011	17.000000	0.000000	0.000005	Infinity	0.000000	0.000000	1.000000	0.001596	0.900000	0.067080	0.000131
IND_BOILER_OIL	0.000575	0.000012	17.000000	0.000000	0.000010	Infinity	0.000000	0.000000	1.000000	0.002832	0.950000	0.067080	0.000117
IND_BOILER_COAL	0.000735	0.000015	17.000000	0.000000	0.000006	Infinity	0.000000	0.000000	1.000000	0.009992	0.900000	0.067080	0.000280
IND_BOILER_WASTE	243.792888	4.875752	17.000000	0.000000	1.924174	Infinity	0.000000	0.136247	1.000000	0.397607	0.900000	0.067080	55.550913
IND_DIRECT_ELEC	0.001416	0.000006	15.000000	0.000000	0.000004	Infinity	0.000000	0.000000	1.000000	0.003378	0.950000	0.074944	0.000006
DHN_HP_ELEC	3084.671495	104.598490	25.000000	0.000000	8.231498	Infinity	0.000000	0.949230	1.000000	0.659897	0.950000	0.048263	1438.783505
DHN_COGEN_GAS	478.796167	13.999012	25.000000	0.000000	0.362022	Infinity	0.000000	0.050770	1.000000	0.802521	0.850000	0.048263	177.709489
DHN_COGEN_WOOD	0.000721	0.000026	25.000000	0.000000	0.000001	Infinity	0.000000	0.000000	1.000000	0.000527	0.850000	0.048263	0.000105
DHN_COGEN_WASTE	0.000759	0.000028	25.000000	0.000000	0.000000	Infinity	0.000000	0.000000	1.000000	0.000335	0.850000	0.048263	0.000159
DHN_COGEN_WET_BIOMASS	0.000777	0.000063	25.000000	0.000000	0.000001	Infinity	0.000000	0.000000	1.000000	0.002642	0.750000	0.048263	0.000549
DHN_COGEN_BIO_HYDROLYSIS	0.000603	0.000029	15.000000	0.000000	0.000000	Infinity	0.000000	0.000000	1.000000	0.000236	0.850000	0.074944	0.000082
DHN_BOILER_GAS	0.000164	0.000003	17.000000	0.000000	0.000003	Infinity	0.000000	0.000000	1.000000	0.001905	0.950000	0.067080	0.000031
DHN_BOILER_WOOD	0.000231	0.000005	17.000000	0.000000	0.000002	Infinity	0.000000	0.000000	1.000000	0.000767	0.900000	0.067080	0.000053
DHN_BOILER_OIL	0.000131	0.000003	17.000000	0.000000	0.000002	Infinity	0.000000	0.000000	1.000000	0.001019	0.950000	0.067080	0.000027
DHN_DEEP_GEO	0.000000	0.000000	30.000000	0.000000	0.000000	0.000000	0.000000	0.000000	1.000000	0.000000	0.850000	0.041639	0.000000
DHN_SOLAR	0.000456	0.000001	30.000000	0.000000	0.000001	Infinity	0.000000	0.000000	1.000000	0.000536	1.000000	0.041639	0.000270
DEC_HP_ELEC	5710.196829	238.083361	18.000000	0.000000	10.676658	Infinity	0.000000	0.494151	1.000000	0.441155	1.000000	0.063806	1760.474086
DEC_THHP_GAS	3750.576174	109.616320	20.000000	0.000000	10.930163	Infinity	0.000000	0.505849	1.000000	0.441124	1.000000	0.058246	4174.557201
DEC_COGEN_GAS	0.001720	0.000111	20.000000	0.000000	0.000001	Infinity	0.000000	0.000000	1.000000	0.003888	1.000000	0.058246	0.001187
DEC_COGEN_OIL	0.001202	0.000074	20.000000	0.000000	0.000001	Infinity	0.000000	0.000000	1.000000	0.001359	1.000000	0.058246	0.000894
DEC_ADVCOGEN_GAS	0.002502	0.000047	20.000000	0.000000	0.000000	Infinity	0.000000	0.000000	1.000000	0.001024	1.000000	0.058246	0.000647
DEC_ADVCOGEN_H2	0.001747	0.000033	20.000000	0.000000	0.000000	Infinity	0.000000	0.000000	1.000000	0.000321	1.000000	0.058246	0.000452
DEC_BOILER_GAS	0.001001	0.000030	17.000000	0.000000	0.000006	Infinity	0.000000	0.000000	1.000000	0.003037	1.000000	0.067080	0.000121
DEC_BOILER_WOOD	0.001033	0.000036	17.000000	0.000000	0.000002	Infinity	0.000000	0.000000	1.000000	0.001220	1.000000	0.067080	0.000043
DEC_BOILER_OIL	0.000758	0.000045	17.000000	0.000000	0.000005	Infinity	0.000000	0.000000	1.000000	0.002110	1.000000	0.067080	0.000102
DEC_SOLAR	0.007235	0.000080	20.000000	0.000000	0.000010	Infinity	0.000000	0.000000	1.000000	0.004871	1.000000	0.058246	0.002153
DEC_DIRECT_ELEC	0.001129	0.000005	15.000000	0.000000	0.000027	Infinity	0.000000	0.000000	1.000000	0.001097	1.000000	0.074944	0.000039
TRAMWAY_TROLLEY	4438.600821	88.772016	30.000000	0.000000	7.101761	Infinity	0.000000	0.300000	0.300000	0.342470	0.342470	0.041639	0.000000
BUS_COACH_DIESEL	0.000064	0.000003	15.000000	0.000000	0.000000	Infinity	0.000000	0.000000	1.000000	0.000254	0.296800	0.074944	0.000000
BUS_COACH_HYDIESEL	0.000060	0.000002	15.000000	0.000000	0.000000	Infinity	0.000000	0.000000	1.000000	0.000020	0.296800	0.074944	0.000000
BUS_COACH_CNG_STOICH	1424.293406	73.030065	15.000000	0.000000	19.120599	Infinity	0.000000	0.700000	1.000000	0.296800	0.296800	0.074944	0.000000
BUS_COACH_FC_HYBRIDH2	0.000044	0.000001	15.000000	0.000000	0.000000	Infinity	0.000000	0.000000	1.000000	0.000014	0.296800	0.074944	0.000000
BUS_COACH_ELECTRIC	0.000038	0.000001	15.000000	0.000000	0.000000	Infinity	0.000000	0.000000	1.000000	0.000014	0.296800	0.074944	0.000000
TRAIN_PUB	0.000314	0.000011	40.000000	0.000000	0.000000	Infinity	0.000000	0.000000	0.500000	0.000551	0.275070	0.033427	0.000000
CAR_GASOLINE	60942.000014	3600.000001	10.000000	150.000000	150.000000	Infinity	0.000000	0.950459	1.000000	0.051370	0.051370	0.108434	0.000000
CAR_DIESEL	0.000134	0.000008	10.000000	0.000000	0.000000	Infinity	0.000000	0.000000	1.000000	0.000162	0.051370	0.108434	0.000000
CAR_NG	0.000456	0.000026	10.000000	0.000000	0.000001	Infinity	0.000000	0.000000	1.000000	0.000558	0.051370	0.108434	0.000000
CAR_METHANOL	0.000323	0.000019	10.000000	0.000000	0.000001	Infinity	0.000000	0.000000	1.000000	0.000407	0.051370	0.108434	0.000000
CAR_HEV	0.000088	0.000007	10.000000	0.000000	0.000000	Infinity	0.000000	0.000000	1.000000	0.000105	0.051370	0.108434	0.000000
CAR_PHEV	0.028377	0.002075	10.000000	0.000000	0.000061	Infinity	0.000000	0.000000	1.000000	0.016833	0.051370	0.108434	0.000000
CAR_BEV	4140.322251	78.184195	10.000000	0.000000	7.818420	Infinity	0.000000	0.049541	1.000000	0.051370	0.051370	0.108434	0.000000
CAR_FUEL_CELL	0.000087	0.000001	10.000000	0.000000	0.000000	Infinity	0.000000	0.000000	1.000000	0.000048	0.051370	0.108434	0.000000
TRAIN_FREIGHT	687.892386	13.757266	40.000000	0.000000	6.587746	Infinity	0.000000	1.000000	1.000000	0.342470	0.342470	0.033427	0.000000
BOAT_FREIGHT_DIESEL	0.000015	0.000000	40.000000	0.000000	0.000000	Infinity	0.000000	0.000000	1.000000	0.000009	0.114160	0.033427	0.000000
BOAT_FREIGHT_NG	0.000252	0.000013	40.000000	0.000000	0.000003	Infinity	0.000000	0.000000	1.000000	0.003880	0.114160	0.033427	0.000000
BOAT_FREIGHT_METHANOL	1751.129472	90.578843	40.000000	0.000000	23.715188	Infinity	0.000000	1.000000	1.000000	0.114160	0.114160	0.033427	0.000000
TRUCK_DIESEL	12115.415615	626.660722	15.000000	0.000000	33.772135	Infinity	0.770000	0.770000	1.000000	0.092590	0.092590	0.074944	0.000000
TRUCK_METHANOL	3618.888663	187.184283	15.000000	0.000000	10.087776	Infinity	0.000000	0.230000	1.000000	0.092590	0.092590	0.074944	0.000000
TRUCK_FUEL_CELL	0.000049	0.000001	15.000000	0.000000	0.000000	Infinity	0.000000	0.000000	1.000000	0.000038	0.092590	0.074944	0.000000
TRUCK_ELEC	0.000545	0.000016	15.000000	0.000000	0.000001	Infinity	0.000000	0.000000	1.000000	0.000624	0.092590	0.074944	0.000000
TRUCK_NG	0.000883	0.000045	15.000000	0.000000	0.000002	Infinity	0.000000	0.000000	1.000000	0.002257	0.092590	0.074944	0.000000
HABER_BOSCH	1044.751307	20.426230	20.000000	0.000000	1.140483	Infinity	0.000000	1.000000	1.000000	0.936091	1.000000	0.058246	0.000000
SYN_METHANOLATION	0.000868	0.000025	20.000000	0.000000	0.000000	Infinity	0.000000	0.290267	1.000000	0.000878	0.950000	0.058246	0.000000
METHANE_TO_METHANOL	0.001091	0.000048	25.000000	0.000000	0.000001	Infinity	0.000000	0.568557	1.000000	0.001719	0.850000	0.048263	0.000000
BIOMASS_TO_METHANOL	0.000773	0.000023	20.000000	0.000000	0.000000	Infinity	0.000000	0.141176	1.000000	0.000427	1.000000	0.058246	0.000000
OIL_TO_HVC	0.000852	0.000005	20.000000	0.000000	0.000002	Infinity	0.000000	0.000000	1.000000	0.001699	1.000000	0.058246	0.000000
GAS_TO_HVC	0.001050	0.000026	20.000000	0.000000	0.000001	Infinity	0.000000	0.000000	1.000000	0.001049	1.000000	0.058246	0.000000
METHANOL_TO_HVC	3489.141779	314.024118	20.000000	0.000000	4.627264	Infinity	0.000000	1.000000	1.000000	1.000000	1.000000	0.058246	0.000000
ADLIBIO_TO_HVC	0.000751	0.000016	20.000000	0.000000	0.000001	Infinity	0.000000	0.000000	1.000000	0.001192	1.000000	0.058246	0.000602
PHS	294.003712	0.000000	50.000000	5.000000	5.000063	6.500000	0.000000	-1.000000	1.000000	0.011285	1.000000	0.028572	
BATT_LI	0.003392	0.000005	15.000000	0.000000	0.000008	Infinity	0.000000	-1.000000	1.000000	0.002017	1.000000	0.074944	
BEV_BATT	0.000000	0.000000	1.000000	0.000000	7.756369	Infinity	0.000000	-1.000000	1.000000	0.006198	1.000000	1.015000	
PHEV_BATT	0.000000	0.000000	1.000000	0.000000	0.000012	Infinity	0.000000	-1.000000	1.000000	0.000856	1.000000	1.015000	
TS_DEC_DIRECT_ELEC	0.002922	0.000020	20.000000	0.000000	0.000154	Infinity	0.000000	-1.000000	1.000000	0.000611	1.000000	0.058246	
TS_DEC_HP_ELEC	392.953697	2.750939	20.000000	0.000000	20.714481	Infinity	0.000000	-1.000000	1.000000	0.031804	1.000000	0.058246	
TS_DEC_THHP_GAS	272.477926	1.907528	20.000000	0.000000	14.363623	Infinity	0.000000	-1.000000	1.000000	0.040210	1.000000	0.058246	
TS_DEC_COGEN_GAS	0.002926	0.000020	20.000000	0.000000	0.000154	Infinity	0.000000	-1.000000	1.000000	0.000875	1.000000	0.058246	
TS_DEC_COGEN_OIL	0.002908	0.000020	20.000000	0.000000	0.000153	Infinity	0.000000	-1.000000	1.000000	0.000569	1.000000	0.058246	
TS_DEC_ADVCOGEN_GAS	0.002930	0.000021	20.000000	0.000000	0.000154	Infinity	0.000000	-1.000000	1.000000	0.000704	1.000000	0.058246	
TS_DEC_ADVCOGEN_H2	0.002910	0.000020	20.000000	0.000000	0.000153	Infinity	0.000000	-1.000000	1.000000	0.000393	1.000000	0.058246	
TS_DEC_BOILER_GAS	0.002920	0.000020	20.000000	0.000000	0.000154	Infinity	0.000000	-1.000000	1.000000	0.000894	1.000000	0.058246	
TS_DEC_BOILER_WOOD	0.002915	0.000020	20.000000	0.000000	0.000154	Infinity	0.000000	-1.000000	1.000000	0.000552	1.000000	0.058246	
TS_DEC_BOILER_OIL	0.002917	0.000020	20.000000	0.000000	0.000154	Infinity	0.000000	-1.000000	1.000000	0.000677	1.000000	0.058246	
TS_DHN_DAILY	0.011683	0.000033	40.000000	0.000000	0.003894	Infinity	0.000000	-1.000000	1.000000	0.000922	1.000000	0.033427	
TS_DHN_SEASONAL	576.981659	3.149218	25.000000	0.000000	1012.248524	Infinity	0.000000	-1.000000	1.000000	0.001445	1.000000	0.048263	
TS_HIGH_TEMP	141.688584	1.516467	25.000000	0.000000	5.054891	Infinity	0.000000	-1.000000	1.000000	0.033461	1.000000	0.048263	
GAS_STORAGE	0.009907	0.000259	50.000000	0.000000	0.198145	Infinity	0.000000	-1.000000	1.000000	0.000257	1.000000	0.028572	
H2_STORAGE	36.070619	2.272624	20.000000	0.000000	5.827241	Infinity	0.000000	-1.000000	1.000000	0.008764	1.000000	0.058246	
DIESEL_STORAGE	0.017993	0.000714	20.000000	0.000000	1.799345	Infinity	0.000000	-1.000000	1.000000	0.000008	1.000000	0.058246	
GASOLINE_STORAGE	4.630550	0.183833	20.000000	0.000000	463.054981	Infinity	0.000000	-1.000000	1.000000	0.001855	1.000000	0.058246	
LFO_STORAGE	0.023347	0.000927	20.000000	0.000000	2.334665	Infinity	0.000000	-1.000000	1.000000	0.000000	1.000000	0.058246	
AMMONIA_STORAGE	0.000070	0.000003	20.000000	0.000000	0.006972	Infinity	0.000000	-1.000000	1.000000	0.000317	1.000000	0.058246	
METHANOL_STORAGE	0.000002	0.000000	20.000000	0.000000	0.000213	Infinity	0.000000	-1.000000	1.000000	0.000020	1.000000	0.058246	
CO2_STORAGE	0.050227	0.000502	30.000000	0.000000	0.001015	Infinity	0.000000	-1.000000	1.000000	0.000008	1.000000	0.041639	
ADLIBIO_TO_FUEL	2547.830642	46.425893	20.000000	0.000000	2.796741	Infinity	0.000000	-1.000000	1.000000	0.978479	1.000000	0.058246	
AMMONIA_TO_H2	0.000458	0.000042	25.000000	0.000000	0.000001	Infinity	0.000000	-1.000000	1.000000	0.000492	0.860000	0.048263	
ATM_CCS	0.001239	0.000031	40.000000	0.000000	0.000000	Infinity	0.000000	-1.000000	1.000000	0.000197	1.000000	0.033427	
BIO_HYDROLYSIS	3804.726659	259.408666	15.000000	0.000000	2.209866	Infinity	0.000000	-1.000000	1.000000	0.850000	0.850000	0.074944	
BIOMETHANATION	0.001767	0.000027	20.000000	0.000000	0.000000	Infinity	0.000000	-1.000000	1.000000	0.002654	0.850000	0.058246	
DHN	7223.478950	0.000000	60.000000	0.000000	8.746403	Infinity	0.000000	-1.000000	1.000000	0.000000	1.000000	0.025393	
EFFICIENCY	5517.241379	0.000000	1.000000	0.000000	0.985222	Infinity	0.000000	-1.000000	1.000000	0.000000	1.000000	1.015000	
GASIFICATION_SNG	0.000694	0.000049	25.000000	0.000000	0.000000	Infinity	0.000000	-1.000000	1.000000	0.000578	0.850000	0.048263	
GRID	85820.006754	0.000000	80.000000	0.000000	1.145503	Infinity	0.000000	-1.000000	1.000000	0.000000	1.000000	0.021548	
H2_BIOMASS	0.001259	0.000089	25.000000	0.000000	0.000000	Infinity	0.000000	-1.000000	1.000000	0.001671	0.860000	0.048263	
H2_ELECTROLYSIS	0.000892	0.000025	15.000000	0.000000	0.000001	Infinity	0.000000	-1.000000	1.000000	0.001172	0.900000	0.074944	
INDUSTRY_CCS	0.001079	0.000027	40.000000	0.000000	0.000000	Infinity	0.000000	-1.000000	1.000000	0.000272	1.000000	0.033427	
REDIFUEL	0.000740	0.000020	20.000000	0.000000	0.000000	Infinity	0.000000	-1.000000	1.000000	0.000182	1.000000	0.058246	
SMR	2646.044866	244.178317	25.000000	0.000000	3.591315	Infinity	0.000000	-1.000000	1.000000	0.860000	0.860000	0.048263	
SYN_METHANATION	0.000245	0.000063	40.000000	0.000000	0.000001	Infinity	0.000000	-1.000000	1.000000	0.001129	1.000000	0.033427	