TECHNOLOGIES	 c_inv	 c_maint	 lifetime	  f_min	 f	 f_max	 fmin_perc	f_perc	 fmax_perc	 c_p	 c_p_max	 tau	 gwp_constr
 UNITS	[M€/GW]	 [M€/GW/y]	 [y]	 [GW or GWh]	 [GW or GWh]	 [GW or GWh]	 [0-1]	 [0-1]	 [0-1]	 [0-1]	 [0-1]	 [-]	 [ktCO2-eq./GW or GWh]
NUCLEAR	0.000000	0.000000	60.000000	0.000000	0.000000	0.000000	0.000000	0.000000	1.000000	0.000000	0.849000	0.025393	0.000000
CCGT	0.000629	0.000016	25.000000	0.000000	0.000001	Infinity	0.000000	0.000000	1.000000	0.003064	0.961540	0.048263	0.000150
CCGT_AMMONIA	0.000181	0.000005	25.000000	0.000000	0.000000	Infinity	0.000000	0.000000	1.000000	0.000112	0.630000	0.048263	0.000043
COAL_US	0.000000	0.000000	35.000000	0.000000	0.000000	0.000000	0.000000	0.000000	1.000000	0.000000	0.868000	0.036934	0.000000
COAL_IGCC	0.000000	0.000000	35.000000	0.000000	0.000000	0.000000	0.000000	0.000000	1.000000	0.000000	0.856000	0.036934	0.000000
PV	32023.950835	365.715980	25.000000	0.000000	36.809139	59.200000	0.000000	0.489921	1.000000	0.117244	1.000000	0.048263	76615.645961
WIND_ONSHORE	10400.000000	120.960000	30.000000	0.000000	10.000000	10.000000	0.000000	0.255053	1.000000	0.224673	1.000000	0.041639	6228.500000
WIND_OFFSHORE	29847.779998	207.666000	30.000000	0.000000	6.000000	6.000000	0.000000	0.248994	1.000000	0.365559	1.000000	0.041639	3737.100000
HYDRO_RIVER	580.165799	5.801152	40.000000	0.000000	0.115000	0.115000	0.000000	0.006033	1.000000	0.462107	1.000000	0.033427	145.224300
GEOTHERMAL	0.000000	0.000000	30.000000	0.000000	0.000000	0.000000	0.000000	0.000000	1.000000	0.000000	0.950000	0.041639	0.000000
IND_COGEN_GAS	6606.914254	424.686295	25.000000	0.000000	4.692311	Infinity	0.000000	0.462221	1.000000	0.850000	0.850000	0.048263	4806.427710
IND_COGEN_WOOD	0.001233	0.000045	25.000000	0.000000	0.000001	Infinity	0.000000	0.000000	1.000000	0.006867	0.850000	0.048263	0.000189
IND_COGEN_WASTE	0.000202	0.000007	25.000000	0.000000	0.000000	Infinity	0.000000	0.000000	1.000000	0.000098	0.850000	0.048263	0.000045
IND_BOILER_GAS	516.648470	10.351268	17.000000	0.000000	8.773110	Infinity	0.000000	0.167962	1.000000	0.165202	0.950000	0.067080	108.084720
IND_BOILER_WOOD	0.000237	0.000005	17.000000	0.000000	0.000002	Infinity	0.000000	0.000000	1.000000	0.005434	0.900000	0.067080	0.000059
IND_BOILER_OIL	0.000135	0.000003	17.000000	0.000000	0.000002	Infinity	0.000000	0.000000	1.000000	0.000831	0.950000	0.067080	0.000030
IND_BOILER_COAL	208.671206	4.173400	17.000000	0.000000	1.811697	Infinity	0.000000	0.174496	1.000000	0.831105	0.900000	0.067080	87.287538
IND_BOILER_WASTE	290.990574	5.819777	17.000000	0.000000	2.526398	Infinity	0.000000	0.193098	1.000000	0.659526	0.900000	0.067080	72.937123
IND_DIRECT_ELEC	80.550458	0.365410	15.000000	0.000000	0.242374	Infinity	0.000000	0.002222	1.000000	0.079110	0.950000	0.074944	0.356289
DHN_HP_ELEC	2239.860560	75.951873	25.000000	0.000000	6.496869	Infinity	0.000000	0.814579	1.000000	0.653525	0.950000	0.048263	1135.587734
DHN_COGEN_GAS	1673.917547	48.941780	25.000000	0.000000	1.334341	Infinity	0.000000	0.185421	1.000000	0.724311	0.850000	0.048263	655.001351
DHN_COGEN_WOOD	0.000188	0.000007	25.000000	0.000000	0.000000	Infinity	0.000000	0.000000	1.000000	0.000436	0.850000	0.048263	0.000029
DHN_COGEN_WASTE	0.000181	0.000007	25.000000	0.000000	0.000000	Infinity	0.000000	0.000000	1.000000	0.000081	0.850000	0.048263	0.000040
DHN_COGEN_WET_BIOMASS	0.000161	0.000013	25.000000	0.000000	0.000000	Infinity	0.000000	0.000000	1.000000	0.000495	0.750000	0.048263	0.000120
DHN_COGEN_BIO_HYDROLYSIS	0.000136	0.000007	15.000000	0.000000	0.000000	Infinity	0.000000	0.000000	1.000000	0.000062	0.850000	0.074944	0.000019
DHN_BOILER_GAS	0.000030	0.000001	17.000000	0.000000	0.000001	Infinity	0.000000	0.000000	1.000000	0.000369	0.950000	0.067080	0.000006
DHN_BOILER_WOOD	0.000051	0.000001	17.000000	0.000000	0.000000	Infinity	0.000000	0.000000	1.000000	0.000422	0.900000	0.067080	0.000013
DHN_BOILER_OIL	0.000027	0.000001	17.000000	0.000000	0.000000	Infinity	0.000000	0.000000	1.000000	0.000317	0.950000	0.067080	0.000006
DHN_DEEP_GEO	0.000000	0.000000	30.000000	0.000000	0.000000	0.000000	0.000000	0.000000	1.000000	0.000000	0.850000	0.041639	0.000000
DHN_SOLAR	0.000121	0.000000	30.000000	0.000000	0.000000	Infinity	0.000000	0.000000	1.000000	0.000175	1.000000	0.041639	0.000074
DEC_HP_ELEC	8054.937916	335.848444	18.000000	0.000000	16.370494	Infinity	0.000000	0.841783	1.000000	0.449227	1.000000	0.063806	2699.330772
DEC_THHP_GAS	974.905899	28.493909	20.000000	0.000000	3.088273	Infinity	0.000000	0.158217	1.000000	0.447574	1.000000	0.058246	1179.503960
DEC_COGEN_GAS	0.000405	0.000026	20.000000	0.000000	0.000000	Infinity	0.000000	0.000000	1.000000	0.000937	1.000000	0.058246	0.000294
DEC_COGEN_OIL	0.000333	0.000020	20.000000	0.000000	0.000000	Infinity	0.000000	0.000000	1.000000	0.000682	1.000000	0.058246	0.000261
DEC_ADVCOGEN_GAS	0.000550	0.000010	20.000000	0.000000	0.000000	Infinity	0.000000	0.000000	1.000000	0.000243	1.000000	0.058246	0.000167
DEC_ADVCOGEN_H2	0.000469	0.000009	20.000000	0.000000	0.000000	Infinity	0.000000	0.000000	1.000000	0.000150	1.000000	0.058246	0.000142
DEC_BOILER_GAS	0.000240	0.000007	17.000000	0.000000	0.000002	Infinity	0.000000	0.000000	1.000000	0.000722	1.000000	0.067080	0.000032
DEC_BOILER_WOOD	0.000242	0.000008	17.000000	0.000000	0.000001	Infinity	0.000000	0.000000	1.000000	0.000885	1.000000	0.067080	0.000011
DEC_BOILER_OIL	0.000178	0.000011	17.000000	0.000000	0.000001	Infinity	0.000000	0.000000	1.000000	0.000623	1.000000	0.067080	0.000026
DEC_SOLAR	0.001798	0.000020	20.000000	0.000000	0.000003	Infinity	0.000000	0.000000	1.000000	0.001228	1.000000	0.058246	0.000553
DEC_DIRECT_ELEC	0.000289	0.000001	15.000000	0.000000	0.000007	Infinity	0.000000	0.000000	1.000000	0.000238	1.000000	0.074944	0.000011
TRAMWAY_TROLLEY	4725.034456	94.500689	30.000000	0.000000	7.560055	Infinity	0.000000	0.300000	0.300000	0.342470	0.342470	0.041639	0.000000
BUS_COACH_DIESEL	0.000046	0.000002	15.000000	0.000000	0.000000	Infinity	0.000000	0.000000	1.000000	0.000225	0.296800	0.074944	0.000000
BUS_COACH_HYDIESEL	0.000056	0.000002	15.000000	0.000000	0.000000	Infinity	0.000000	0.000000	1.000000	0.000197	0.296800	0.074944	0.000000
BUS_COACH_CNG_STOICH	12438.835519	621.942907	15.000000	0.000000	20.354495	Infinity	0.000000	0.700000	1.000000	0.296800	0.296800	0.074944	0.000000
BUS_COACH_FC_HYBRIDH2	0.000052	0.000002	15.000000	0.000000	0.000000	Infinity	0.000000	0.000000	1.000000	0.000189	0.296800	0.074944	0.000000
BUS_COACH_ELECTRIC	0.000094	0.000004	15.000000	0.000000	0.000000	Infinity	0.000000	0.000000	1.000000	0.000390	0.296800	0.074944	0.000000
TRAIN_PUB	0.003279	0.000118	40.000000	0.000000	0.000002	Infinity	0.000000	0.000000	0.500000	0.005989	0.275070	0.033427	0.000000
CAR_GASOLINE	21014.500001	1200.000000	10.000000	50.000000	50.000000	Infinity	0.000000	0.297614	1.000000	0.051370	0.051370	0.108434	0.000000
CAR_DIESEL	0.000018	0.000001	10.000000	0.000000	0.000000	Infinity	0.000000	0.000000	1.000000	0.000022	0.051370	0.108434	0.000000
CAR_NG	0.000026	0.000001	10.000000	0.000000	0.000000	Infinity	0.000000	0.000000	1.000000	0.000031	0.051370	0.108434	0.000000
CAR_METHANOL	0.000024	0.000001	10.000000	0.000000	0.000000	Infinity	0.000000	0.000000	1.000000	0.000029	0.051370	0.108434	0.000000
CAR_HEV	0.000014	0.000001	10.000000	0.000000	0.000000	Infinity	0.000000	0.000000	1.000000	0.000018	0.051370	0.108434	0.000000
CAR_PHEV	0.006777	0.000505	10.000000	0.000000	0.000015	Infinity	0.000000	0.000000	1.000000	0.004497	0.051370	0.108434	0.000000
CAR_BEV	51193.176784	1180.028508	10.000000	0.000000	118.002851	Infinity	0.000000	0.702386	1.000000	0.051370	0.051370	0.108434	0.000000
CAR_FUEL_CELL	0.000008	0.000000	10.000000	0.000000	0.000000	Infinity	0.000000	0.000000	1.000000	0.000000	0.051370	0.108434	0.000000
TRAIN_FREIGHT	737.033459	14.740046	40.000000	0.000000	7.058355	Infinity	0.000000	1.000000	1.000000	0.342470	0.342470	0.033427	0.000000
BOAT_FREIGHT_DIESEL	0.000129	0.000006	40.000000	0.000000	0.000002	Infinity	0.000000	0.000000	1.000000	0.001918	0.114160	0.033427	0.000000
BOAT_FREIGHT_NG	0.000436	0.000022	40.000000	0.000000	0.000006	Infinity	0.000000	0.000000	1.000000	0.006510	0.114160	0.033427	0.000000
BOAT_FREIGHT_METHANOL	1941.018698	97.049523	40.000000	0.000000	25.409330	Infinity	0.000000	1.000000	1.000000	0.114160	0.114160	0.033427	0.000000
TRUCK_DIESEL	12617.740002	630.888889	15.000000	34.000000	34.000000	Infinity	0.000000	0.723510	1.000000	0.092590	0.092590	0.074944	0.000000
TRUCK_METHANOL	4821.882729	241.094858	15.000000	0.000000	12.993136	Infinity	0.000000	0.276490	1.000000	0.092590	0.092590	0.074944	0.000000
TRUCK_FUEL_CELL	0.000272	0.000007	15.000000	0.000000	0.000001	Infinity	0.000000	0.000000	1.000000	0.000513	0.092590	0.074944	0.000000
TRUCK_ELEC	0.001558	0.000083	15.000000	0.000000	0.000004	Infinity	0.000000	0.000000	1.000000	0.003325	0.092590	0.074944	0.000000
TRUCK_NG	0.000019	0.000001	15.000000	0.000000	0.000000	Infinity	0.000000	0.000000	1.000000	0.000047	0.092590	0.074944	0.000000
HABER_BOSCH	865.984124	16.931165	20.000000	0.000000	1.022413	Infinity	0.000000	1.000000	1.000000	1.000000	1.000000	0.058246	0.000000
SYN_METHANOLATION	0.000196	0.000006	20.000000	0.000000	0.000000	Infinity	0.000000	0.248123	1.000000	0.000187	0.950000	0.058246	0.000000
METHANE_TO_METHANOL	0.000227	0.000010	25.000000	0.000000	0.000000	Infinity	0.000000	0.517916	1.000000	0.000389	0.850000	0.048263	0.000000
BIOMASS_TO_METHANOL	0.000237	0.000004	20.000000	0.000000	0.000000	Infinity	0.000000	0.233961	1.000000	0.000176	1.000000	0.058246	0.000000
OIL_TO_HVC	0.000212	0.000001	20.000000	0.000000	0.000001	Infinity	0.000000	0.000000	1.000000	0.000388	1.000000	0.058246	0.000000
GAS_TO_HVC	0.000209	0.000005	20.000000	0.000000	0.000000	Infinity	0.000000	0.000000	1.000000	0.000235	1.000000	0.058246	0.000000
METHANOL_TO_HVC	3293.143272	296.382894	20.000000	0.000000	4.723384	Infinity	0.000000	1.000000	1.000000	1.000000	1.000000	0.058246	0.000000
ADLIBIO_TO_HVC	0.000177	0.000004	20.000000	0.000000	0.000000	Infinity	0.000000	0.000000	1.000000	0.000110	1.000000	0.058246	0.000185
PHS	294.000028	0.000000	50.000000	5.000000	5.000000	6.500000	0.000000	-1.000000	1.000000	0.020787	1.000000	0.028572	
BATT_LI	0.000986	0.000002	15.000000	0.000000	0.000003	Infinity	0.000000	-1.000000	1.000000	0.000722	1.000000	0.074944	
BEV_BATT	0.000000	0.000000	1.000000	0.000000	117.066320	Infinity	0.000000	-1.000000	1.000000	0.004590	1.000000	1.015000	
PHEV_BATT	0.000000	0.000000	1.000000	0.000000	0.000003	Infinity	0.000000	-1.000000	1.000000	0.000219	1.000000	1.015000	
TS_DEC_DIRECT_ELEC	0.000737	0.000005	20.000000	0.000000	0.000039	Infinity	0.000000	-1.000000	1.000000	0.000235	1.000000	0.058246	
TS_DEC_HP_ELEC	949.433312	6.646669	20.000000	0.000000	50.049199	Infinity	0.000000	-1.000000	1.000000	0.028787	1.000000	0.058246	
TS_DEC_THHP_GAS	102.751104	0.719327	20.000000	0.000000	5.416505	Infinity	0.000000	-1.000000	1.000000	0.039351	1.000000	0.058246	
TS_DEC_COGEN_GAS	0.000736	0.000005	20.000000	0.000000	0.000039	Infinity	0.000000	-1.000000	1.000000	0.000265	1.000000	0.058246	
TS_DEC_COGEN_OIL	0.000727	0.000005	20.000000	0.000000	0.000038	Infinity	0.000000	-1.000000	1.000000	0.000294	1.000000	0.058246	
TS_DEC_ADVCOGEN_GAS	0.000736	0.000005	20.000000	0.000000	0.000039	Infinity	0.000000	-1.000000	1.000000	0.000201	1.000000	0.058246	
TS_DEC_ADVCOGEN_H2	0.000733	0.000005	20.000000	0.000000	0.000039	Infinity	0.000000	-1.000000	1.000000	0.000149	1.000000	0.058246	
TS_DEC_BOILER_GAS	0.000736	0.000005	20.000000	0.000000	0.000039	Infinity	0.000000	-1.000000	1.000000	0.000396	1.000000	0.058246	
TS_DEC_BOILER_WOOD	0.000735	0.000005	20.000000	0.000000	0.000039	Infinity	0.000000	-1.000000	1.000000	0.000302	1.000000	0.058246	
TS_DEC_BOILER_OIL	0.000735	0.000005	20.000000	0.000000	0.000039	Infinity	0.000000	-1.000000	1.000000	0.000268	1.000000	0.058246	
TS_DHN_DAILY	0.001811	0.000005	40.000000	0.000000	0.000604	Infinity	0.000000	-1.000000	1.000000	0.001056	1.000000	0.033427	
TS_DHN_SEASONAL	429.604854	2.353545	25.000000	0.000000	795.564544	Infinity	0.000000	-1.000000	1.000000	0.001566	1.000000	0.048263	
TS_HIGH_TEMP	97.454540	1.043038	25.000000	0.000000	3.476794	Infinity	0.000000	-1.000000	1.000000	0.033717	1.000000	0.048263	
GAS_STORAGE	43.497627	1.138911	50.000000	0.000000	869.952546	Infinity	0.000000	-1.000000	1.000000	0.000256	1.000000	0.028572	
H2_STORAGE	0.005074	0.000320	20.000000	0.000000	0.000820	Infinity	0.000000	-1.000000	1.000000	0.000010	1.000000	0.058246	
DIESEL_STORAGE	0.011313	0.000449	20.000000	0.000000	1.131298	Infinity	0.000000	-1.000000	1.000000	0.000114	1.000000	0.058246	
GASOLINE_STORAGE	0.011420	0.000453	20.000000	0.000000	1.141966	Infinity	0.000000	-1.000000	1.000000	0.000197	1.000000	0.058246	
LFO_STORAGE	0.038799	0.001540	20.000000	0.000000	3.879926	Infinity	0.000000	-1.000000	1.000000	0.000000	1.000000	0.058246	
AMMONIA_STORAGE	0.000021	0.000001	20.000000	0.000000	0.002130	Infinity	0.000000	-1.000000	1.000000	0.000015	1.000000	0.058246	
METHANOL_STORAGE	0.000001	0.000000	20.000000	0.000000	0.000071	Infinity	0.000000	-1.000000	1.000000	0.000002	1.000000	0.058246	
CO2_STORAGE	0.013874	0.000139	30.000000	0.000000	0.000280	Infinity	0.000000	-1.000000	1.000000	0.000009	1.000000	0.041639	
ADLIBIO_TO_FUEL	0.000202	0.000004	20.000000	0.000000	0.000000	Infinity	0.000000	-1.000000	1.000000	0.000369	1.000000	0.058246	
AMMONIA_TO_H2	0.000103	0.000010	25.000000	0.000000	0.000000	Infinity	0.000000	-1.000000	1.000000	0.000120	0.860000	0.048263	
ATM_CCS	0.000276	0.000007	40.000000	0.000000	0.000000	Infinity	0.000000	-1.000000	1.000000	0.000060	1.000000	0.033427	
BIO_HYDROLYSIS	3452.730048	235.409360	15.000000	0.000000	2.168923	Infinity	0.000000	-1.000000	1.000000	0.850000	0.850000	0.074944	
BIOMETHANATION	49.190227	0.681399	20.000000	0.000000	0.049886	Infinity	0.000000	-1.000000	1.000000	0.492924	0.850000	0.058246	
DHN	6580.825758	0.000000	60.000000	0.000000	7.968259	Infinity	0.000000	-1.000000	1.000000	0.000000	1.000000	0.025393	
EFFICIENCY	5517.241379	0.000000	1.000000	0.000000	0.985222	Infinity	0.000000	-1.000000	1.000000	0.000000	1.000000	1.015000	
GASIFICATION_SNG	0.000191	0.000013	25.000000	0.000000	0.000000	Infinity	0.000000	-1.000000	1.000000	0.000309	0.850000	0.048263	
GRID	94342.261284	0.000000	80.000000	0.000000	1.259256	Infinity	0.000000	-1.000000	1.000000	0.000000	1.000000	0.021548	
H2_BIOMASS	3392.616501	239.005859	25.000000	0.000000	1.343403	Infinity	0.000000	-1.000000	1.000000	0.860000	0.860000	0.048263	
H2_ELECTROLYSIS	0.000621	0.000017	15.000000	0.000000	0.000001	Infinity	0.000000	-1.000000	1.000000	0.001091	0.900000	0.074944	
INDUSTRY_CCS	0.000265	0.000007	40.000000	0.000000	0.000000	Infinity	0.000000	-1.000000	1.000000	0.000087	1.000000	0.033427	
REDIFUEL	0.000217	0.000006	20.000000	0.000000	0.000000	Infinity	0.000000	-1.000000	1.000000	0.000076	1.000000	0.058246	
SMR	0.000490	0.000045	25.000000	0.000000	0.000001	Infinity	0.000000	-1.000000	1.000000	0.003475	0.860000	0.048263	
SYN_METHANATION	0.000055	0.000014	40.000000	0.000000	0.000000	Infinity	0.000000	-1.000000	1.000000	0.000450	1.000000	0.033427	