Name	Crit_2_tech	Crit_2_res	Crit_2_op
NUCLEAR	0.000000	0.000000	0.000000
CCGT	0.000061	0.000000	-0.000182
CCGT_AMMONIA	0.000022	0.000000	0.000000
COAL_US	0.000000	0.000000	0.000000
COAL_IGCC	0.000000	0.000000	0.000000
PV	8848.469863	0.000000	0.000000
WIND_ONSHORE	3347.582880	0.000000	85.178997
WIND_OFFSHORE	1078.850443	0.000000	120.218875
HYDRO_RIVER	36.234859	0.000000	-7.554807
GEOTHERMAL	0.000000	0.000000	0.000000
IND_COGEN_GAS	474.192944	0.000000	748.992254
IND_COGEN_WOOD	0.000122	0.000000	0.000026
IND_COGEN_WASTE	0.000020	0.000000	0.000004
IND_BOILER_GAS	30.174767	0.000000	0.000000
IND_BOILER_WOOD	0.000162	0.000000	0.000004
IND_BOILER_OIL	0.000008	0.000000	0.000000
IND_BOILER_COAL	340.959902	0.000000	176.064912
IND_BOILER_WASTE	209.811891	0.000000	171.066963
IND_DIRECT_ELEC	0.181118	0.000000	0.000000
DHN_HP_ELEC	155.967215	0.000000	9.969640
DHN_COGEN_GAS	125.160086	0.000000	181.494496
DHN_COGEN_WOOD	0.000011	0.000000	0.000003
DHN_COGEN_WASTE	0.000018	0.000000	0.000003
DHN_COGEN_WET_BIOMASS	0.000553	0.000000	0.000190
DHN_COGEN_BIO_HYDROLYSIS	0.000028	0.000000	0.000162
DHN_BOILER_GAS	0.000002	0.000000	0.000000
DHN_BOILER_WOOD	0.000034	0.000000	0.000000
DHN_BOILER_OIL	0.000002	0.000000	0.000000
DHN_DEEP_GEO	0.000000	0.000000	0.000000
DHN_SOLAR	0.000263	0.000000	0.000000
DEC_HP_ELEC	545.831378	0.000000	23.000712
DEC_THHP_GAS	418.242122	0.000000	0.000000
DEC_COGEN_GAS	0.000055	0.000000	0.000018
DEC_COGEN_OIL	0.000049	0.000000	0.000003
DEC_ADVCOGEN_GAS	0.000079	0.000000	0.000054
DEC_ADVCOGEN_H2	0.000067	0.000000	0.000033
DEC_BOILER_GAS	0.000030	0.000000	0.000000
DEC_BOILER_WOOD	0.000370	0.000000	0.000001
DEC_BOILER_OIL	0.000024	0.000000	0.000000
DEC_SOLAR	0.002946	0.000000	0.000000
DEC_DIRECT_ELEC	0.000005	0.000000	0.000000
TRAMWAY_TROLLEY	78.587427	0.000000	0.000000
BUS_COACH_DIESEL	0.000020	0.000000	0.000000
BUS_COACH_HYDIESEL	0.000018	0.000000	0.000000
BUS_COACH_CNG_STOICH	5563.724776	0.000000	4.725849
BUS_COACH_FC_HYBRIDH2	0.000022	0.000000	0.000000
BUS_COACH_ELECTRIC	0.000045	0.000000	0.000000
TRAIN_PUB	0.000059	0.000000	0.000000
CAR_GASOLINE	6191.681710	0.000000	1255.705376
CAR_DIESEL	0.000005	0.000000	0.000001
CAR_NG	0.000008	0.000000	0.000002
CAR_METHANOL	0.000007	0.000000	0.000001
CAR_HEV	0.000005	0.000000	0.000001
CAR_PHEV	0.002562	0.000000	0.000228
CAR_BEV	28993.423743	0.000000	3402.315902
CAR_FUEL_CELL	0.000005	0.000000	0.000000
TRAIN_FREIGHT	247.342362	0.000000	0.000000
BOAT_FREIGHT_DIESEL	0.000014	0.000000	0.000000
BOAT_FREIGHT_NG	0.000047	0.000000	0.000001
BOAT_FREIGHT_METHANOL	210.053651	0.000000	4.680949
TRUCK_DIESEL	6467.159741	0.000000	0.408140
TRUCK_METHANOL	2422.464588	0.000000	0.155971
TRUCK_FUEL_CELL	0.000144	0.000000	0.000000
TRUCK_ELEC	0.000880	0.000000	0.000000
TRUCK_NG	0.000010	0.000000	0.000000
HABER_BOSCH	3688.783474	0.000000	95.954224
SYN_METHANOLATION	0.000404	0.000000	0.000016
METHANE_TO_METHANOL	0.000002	0.000000	0.000001
BIOMASS_TO_METHANOL	0.000324	0.000000	0.000115
OIL_TO_HVC	0.000773	0.000000	0.000000
GAS_TO_HVC	0.000377	0.000000	0.000000
METHANOL_TO_HVC	6811.851937	0.000000	0.000000
ADLIBIO_TO_HVC	0.000281	0.000000	0.000013
PHS	6016.700598	0.000000	0.000000
BATT_LI	0.000207	0.000000	0.000000
BEV_BATT	0.000000	0.000000	0.000000
PHEV_BATT	0.002795	0.000000	0.000000
TS_DEC_DIRECT_ELEC	0.000280	0.000000	0.000000
TS_DEC_HP_ELEC	361.110181	0.000000	0.000000
TS_DEC_THHP_GAS	39.080649	0.000000	0.000000
TS_DEC_COGEN_GAS	0.000280	0.000000	0.000000
TS_DEC_COGEN_OIL	0.000276	0.000000	0.000000
TS_DEC_ADVCOGEN_GAS	0.000280	0.000000	0.000000
TS_DEC_ADVCOGEN_H2	0.000279	0.000000	0.000000
TS_DEC_BOILER_GAS	0.000280	0.000000	0.000000
TS_DEC_BOILER_WOOD	0.000279	0.000000	0.000000
TS_DEC_BOILER_OIL	0.000280	0.000000	0.000000
TS_DHN_DAILY	0.002178	0.000000	0.000000
TS_DHN_SEASONAL	4592.064776	0.000000	0.000000
TS_HIGH_TEMP	20.068345	0.000000	0.000000
GAS_STORAGE	1851.006848	0.000000	0.000000
H2_STORAGE	0.001714	0.000000	0.000000
DIESEL_STORAGE	0.021635	0.000000	0.000000
GASOLINE_STORAGE	0.022596	0.000000	0.000000
LFO_STORAGE	0.060290	0.000000	0.000000
AMMONIA_STORAGE	0.028435	0.000000	0.000000
METHANOL_STORAGE	0.245680	0.000000	0.000000
CO2_STORAGE	0.000505	0.000000	0.000000
ADLIBIO_TO_FUEL	0.000434	0.000000	0.000031
AMMONIA_TO_H2	0.000094	0.000000	0.000000
ATM_CCS	0.000018	0.000000	0.000006
BIO_HYDROLYSIS	1535.095174	0.000000	12016.248591
BIOMETHANATION	152.004764	0.000000	45.713818
DHN	0.000000	0.000000	0.000000
EFFICIENCY	0.000000	0.000000	0.000000
GASIFICATION_SNG	0.000032	0.000000	0.000131
GRID	827.562845	0.000000	0.000000
H2_BIOMASS	570.490947	0.000000	45.574156
H2_ELECTROLYSIS	0.000108	0.000000	0.000002
INDUSTRY_CCS	0.000000	0.000000	0.000003
REDIFUEL	0.000083	0.000000	0.000024
SMR	0.000000	0.000000	0.000013
SYN_METHANATION	0.000056	0.000000	0.000000
AMMONIA	0.000000	0.000086	0.000000
AMMONIA_RE_BE	0.000000	0.000000	0.000000
AMMONIA_RE_IMPORT	0.000000	4419.338078	0.000000
BIODIESEL	0.000000	0.004147	0.000000
BIODIESEL_BE	0.000000	0.000000	0.000000
BIOETHANOL	0.000000	0.006631	0.000000
CO2_ATM	0.000000	0.000000	0.000000
CO2_CAPTURED	0.000000	0.000000	0.000000
CO2_EMISSIONS	0.000000	0.000000	0.000000
CO2_INDUSTRY	0.000000	0.000000	0.000000
COAL	0.000000	10387.501434	0.000000
DIESEL	0.000000	8663.404178	0.000000
ELEC_EXPORT	0.000000	0.000000	0.000000
ELECTRICITY	0.000000	42652.717702	0.000000
GAS	0.000000	10262.998902	0.000000
GAS_RE_BE	0.000000	0.000000	0.000000
GAS_RE_IMPORT	0.000000	0.000002	0.000000
GASOLINE	0.000000	7074.952268	0.000000
H2	0.000000	0.000001	0.000000
H2_RE_BE	0.000000	0.000000	0.000000
H2_RE_IMPORT	0.000000	0.002269	0.000000
LFO	0.000000	0.002189	0.000000
LFO_RE_BE	0.000000	0.000000	0.000000
METHANOL	0.000000	18634.025767	0.000000
METHANOL_RE_BE	0.000000	0.000000	0.000000
METHANOL_RE_IMPORT	0.000000	0.000316	0.000000
RES_GEO	0.000000	0.000000	0.000000
RES_HYDRO	0.000000	0.000000	0.000000
RES_SOLAR	0.000000	0.000000	0.000000
RES_WIND	0.000000	0.000000	0.000000
URANIUM	0.000000	0.000000	0.000000
WASTE	0.000000	0.000000	0.000000
WET_BIOMASS	0.000000	90117.439555	0.000000
WOOD	0.000000	95211.481365	0.000000
WOOD_PRODUCTION	0.000000	0.007676	0.000000
