Name	Crit_2_tech	Crit_2_res	Crit_2_op
NUCLEAR	0.000000	0.000000	0.000000
CCGT	0.000209	0.000000	-0.000258
CCGT_AMMONIA	0.000040	0.000000	0.000001
COAL_US	0.000000	0.000000	0.000000
COAL_IGCC	0.000000	0.000000	0.000000
PV	8974.260492	0.000000	0.000000
WIND_ONSHORE	3347.582879	0.000000	85.296185
WIND_OFFSHORE	1078.850443	0.000000	120.485643
HYDRO_RIVER	36.234858	0.000000	-7.564858
GEOTHERMAL	0.000000	0.000000	0.000000
IND_COGEN_GAS	165.478526	0.000000	261.374898
IND_COGEN_WOOD	0.000065	0.000000	0.000013
IND_COGEN_WASTE	0.000032	0.000000	0.000007
IND_BOILER_GAS	23.924917	0.000000	0.000000
IND_BOILER_WOOD	0.000188	0.000000	0.000002
IND_BOILER_OIL	0.000014	0.000000	0.000000
IND_BOILER_COAL	614.360914	0.000000	314.013330
IND_BOILER_WASTE	191.582533	0.000000	171.066874
IND_DIRECT_ELEC	0.778384	0.000000	0.000000
DHN_HP_ELEC	114.138229	0.000000	6.246958
DHN_COGEN_GAS	315.863877	0.000000	503.178473
DHN_COGEN_WOOD	0.000016	0.000000	0.000002
DHN_COGEN_WASTE	0.000028	0.000000	0.000005
DHN_COGEN_WET_BIOMASS	0.000867	0.000000	0.000276
DHN_COGEN_BIO_HYDROLYSIS	0.000045	0.000000	0.000206
DHN_BOILER_GAS	0.000003	0.000000	0.000000
DHN_BOILER_WOOD	0.000058	0.000000	0.000000
DHN_BOILER_OIL	0.000003	0.000000	0.000000
DHN_DEEP_GEO	0.000000	0.000000	0.000000
DHN_SOLAR	0.000443	0.000000	0.000000
DEC_HP_ELEC	587.095533	0.000000	24.737712
DEC_THHP_GAS	250.636526	0.000000	0.000000
DEC_COGEN_GAS	0.000088	0.000000	0.000026
DEC_COGEN_OIL	0.000081	0.000000	0.000006
DEC_ADVCOGEN_GAS	0.000136	0.000000	0.000088
DEC_ADVCOGEN_H2	0.000106	0.000000	0.000046
DEC_BOILER_GAS	0.000053	0.000000	0.000000
DEC_BOILER_WOOD	0.000604	0.000000	0.000001
DEC_BOILER_OIL	0.000045	0.000000	0.000000
DEC_SOLAR	0.005152	0.000000	0.000000
DEC_DIRECT_ELEC	0.000009	0.000000	0.000000
TRAMWAY_TROLLEY	78.587427	0.000000	0.000000
BUS_COACH_DIESEL	0.000027	0.000000	0.000000
BUS_COACH_HYDIESEL	0.000013	0.000000	0.000000
BUS_COACH_CNG_STOICH	5563.724354	0.000000	4.725848
BUS_COACH_FC_HYBRIDH2	0.000018	0.000000	0.000000
BUS_COACH_ELECTRIC	0.000018	0.000000	0.000000
TRAIN_PUB	0.000107	0.000000	0.000000
CAR_GASOLINE	6191.681711	0.000000	1255.705346
CAR_DIESEL	0.000009	0.000000	0.000002
CAR_NG	0.000013	0.000000	0.000003
CAR_METHANOL	0.000012	0.000000	0.000002
CAR_HEV	0.000009	0.000000	0.000002
CAR_PHEV	0.004718	0.000000	0.000418
CAR_BEV	28993.422257	0.000000	3402.315719
CAR_FUEL_CELL	0.000010	0.000000	0.000000
TRAIN_FREIGHT	247.342362	0.000000	0.000000
BOAT_FREIGHT_DIESEL	0.000001	0.000000	0.000000
BOAT_FREIGHT_NG	0.000007	0.000000	0.000000
BOAT_FREIGHT_METHANOL	210.053704	0.000000	4.680950
TRUCK_DIESEL	6467.159743	0.000000	0.408140
TRUCK_METHANOL	2422.463947	0.000000	0.155971
TRUCK_FUEL_CELL	0.000017	0.000000	0.000000
TRUCK_ELEC	0.002368	0.000000	0.000000
TRUCK_NG	0.000069	0.000000	0.000000
HABER_BOSCH	0.002653	0.000000	0.000030
SYN_METHANOLATION	0.000707	0.000000	0.000026
METHANE_TO_METHANOL	0.000004	0.000000	0.000002
BIOMASS_TO_METHANOL	0.000541	0.000000	0.000148
OIL_TO_HVC	0.001351	0.000000	0.000000
GAS_TO_HVC	0.000635	0.000000	0.000000
METHANOL_TO_HVC	6811.851643	0.000000	0.000000
ADLIBIO_TO_HVC	0.000850	0.000000	0.000306
PHS	6016.703820	0.000000	0.000000
BATT_LI	0.000451	0.000000	0.000000
BEV_BATT	0.000000	0.000000	0.000000
PHEV_BATT	0.005147	0.000000	0.000000
TS_DEC_DIRECT_ELEC	0.000480	0.000000	0.000000
TS_DEC_HP_ELEC	388.409659	0.000000	0.000000
TS_DEC_THHP_GAS	21.359796	0.000000	0.000000
TS_DEC_COGEN_GAS	0.000481	0.000000	0.000000
TS_DEC_COGEN_OIL	0.000472	0.000000	0.000000
TS_DEC_ADVCOGEN_GAS	0.000481	0.000000	0.000000
TS_DEC_ADVCOGEN_H2	0.000479	0.000000	0.000000
TS_DEC_BOILER_GAS	0.000480	0.000000	0.000000
TS_DEC_BOILER_WOOD	0.000480	0.000000	0.000000
TS_DEC_BOILER_OIL	0.000480	0.000000	0.000000
TS_DHN_DAILY	0.002566	0.000000	0.000000
TS_DHN_SEASONAL	3056.505353	0.000000	0.000000
TS_HIGH_TEMP	9.086204	0.000000	0.000000
GAS_STORAGE	2756.062462	0.000000	0.000000
H2_STORAGE	4.054255	0.000000	0.000000
DIESEL_STORAGE	0.033182	0.000000	0.000000
GASOLINE_STORAGE	5.390400	0.000000	0.000000
LFO_STORAGE	0.071299	0.000000	0.000000
AMMONIA_STORAGE	0.058026	0.000000	0.000000
METHANOL_STORAGE	0.426419	0.000000	0.000000
CO2_STORAGE	0.000957	0.000000	0.000000
ADLIBIO_TO_FUEL	2005.049164	0.000000	1078.005233
AMMONIA_TO_H2	0.000164	0.000000	0.000000
ATM_CCS	0.000031	0.000000	0.000010
BIO_HYDROLYSIS	1564.069041	0.000000	12243.047022
BIOMETHANATION	0.034026	0.000000	0.012271
DHN	0.000000	0.000000	0.000000
EFFICIENCY	0.000000	0.000000	0.000000
GASIFICATION_SNG	0.000047	0.000000	0.000169
GRID	829.251116	0.000000	0.000000
H2_BIOMASS	114.717501	0.000000	9.164305
H2_ELECTROLYSIS	0.000116	0.000000	0.000003
INDUSTRY_CCS	0.000000	0.000000	0.000003
REDIFUEL	0.000140	0.000000	0.000026
SMR	0.000000	0.000000	0.048746
SYN_METHANATION	0.000093	0.000000	0.000000
AMMONIA	0.000000	0.000113	0.000000
AMMONIA_RE_BE	0.000000	0.000000	0.000000
AMMONIA_RE_IMPORT	0.000000	36293.177233	0.000000
BIODIESEL	0.000000	0.014206	0.000000
BIODIESEL_BE	0.000000	0.000000	0.000000
BIOETHANOL	0.000000	0.004561	0.000000
CO2_ATM	0.000000	0.000000	0.000000
CO2_CAPTURED	0.000000	0.000000	0.000000
CO2_EMISSIONS	0.000000	0.000000	0.000000
CO2_INDUSTRY	0.000000	0.000000	0.000000
COAL	0.000000	18526.200735	0.000000
DIESEL	0.000000	8663.403847	0.000000
ELEC_EXPORT	0.000000	0.000000	0.000000
ELECTRICITY	0.000000	42652.717797	0.000000
GAS	0.000000	8691.687664	0.000000
GAS_RE_BE	0.000000	0.000000	0.000000
GAS_RE_IMPORT	0.000000	0.000003	0.000000
GASOLINE	0.000000	0.000465	0.000000
H2	0.000000	0.000002	0.000000
H2_RE_BE	0.000000	0.000000	0.000000
H2_RE_IMPORT	0.000000	22546.118440	0.000000
LFO	0.000000	0.003663	0.000000
LFO_RE_BE	0.000000	0.000000	0.000000
METHANOL	0.000000	18634.024472	0.000000
METHANOL_RE_BE	0.000000	0.000000	0.000000
METHANOL_RE_IMPORT	0.000000	0.000605	0.000000
RES_GEO	0.000000	0.000000	0.000000
RES_HYDRO	0.000000	0.000000	0.000000
RES_SOLAR	0.000000	0.000000	0.000000
RES_WIND	0.000000	0.000000	0.000000
URANIUM	0.000000	0.000000	0.000000
WASTE	0.000000	0.000000	0.000000
WET_BIOMASS	0.000000	90117.438917	0.000000
WOOD	0.000000	95211.481771	0.000000
WOOD_PRODUCTION	0.000000	0.005875	0.000000
