TECHNOLOGIES	 c_inv	 c_maint	 lifetime	  f_min	 f	 f_max	 fmin_perc	f_perc	 fmax_perc	 c_p	 c_p_max	 tau	 gwp_constr
 UNITS	[M€/GW]	 [M€/GW/y]	 [y]	 [GW or GWh]	 [GW or GWh]	 [GW or GWh]	 [0-1]	 [0-1]	 [0-1]	 [0-1]	 [0-1]	 [-]	 [ktCO2-eq./GW or GWh]
NUCLEAR	0.000000	0.000000	60.000000	0.000000	0.000000	0.000000	0.000000	0.000000	1.000000	0.000000	0.849000	0.025393	0.000000
CCGT	0.004933	0.000125	25.000000	0.000000	0.000007	Infinity	0.000000	0.000000	1.000000	0.020436	0.961540	0.048263	0.001196
CCGT_AMMONIA	0.000048	0.000001	25.000000	0.000000	0.000000	Infinity	0.000000	0.000000	1.000000	0.010387	0.630000	0.048263	0.000012
COAL_US	0.000000	0.000000	35.000000	0.000000	0.000000	0.000000	0.000000	0.000000	1.000000	0.000000	0.868000	0.036934	0.000000
COAL_IGCC	0.000000	0.000000	35.000000	0.000000	0.000000	0.000000	0.000000	0.000000	1.000000	0.000000	0.856000	0.036934	0.000000
PV	42366.688336	483.828954	25.000000	0.000000	59.173832	59.200000	0.000000	0.602909	1.000000	0.113892	1.000000	0.048263	123166.188672
WIND_ONSHORE	9992.199518	116.216465	30.000000	0.000000	10.000000	10.000000	0.000000	0.198556	1.000000	0.221950	1.000000	0.041639	6228.499700
WIND_OFFSHORE	28562.019885	198.720248	30.000000	0.000000	5.999996	6.000000	0.000000	0.193755	1.000000	0.360973	1.000000	0.041639	3737.097368
HYDRO_RIVER	580.165807	5.801152	40.000000	0.000000	0.115000	0.115000	0.000000	0.004779	1.000000	0.464520	1.000000	0.033427	145.224302
GEOTHERMAL	0.000000	0.000000	30.000000	0.000000	0.000000	0.000000	0.000000	0.000000	1.000000	0.000000	0.950000	0.041639	0.000000
IND_COGEN_GAS	6677.269764	429.208756	25.000000	0.000000	4.973610	Infinity	0.000000	0.606120	1.000000	0.797705	0.850000	0.048263	5094.567733
IND_COGEN_WOOD	0.002970	0.000109	25.000000	0.000000	0.000003	Infinity	0.000000	0.000000	1.000000	0.022773	0.850000	0.048263	0.000476
IND_COGEN_WASTE	0.000507	0.000019	25.000000	0.000000	0.000000	Infinity	0.000000	0.000000	1.000000	0.001791	0.850000	0.048263	0.000120
IND_BOILER_GAS	444.693729	8.909625	17.000000	0.000000	7.551260	Infinity	0.000000	0.192124	1.000000	0.166540	0.950000	0.067080	93.031529
IND_BOILER_WOOD	0.002080	0.000042	17.000000	0.000000	0.000018	Infinity	0.000000	0.000000	1.000000	0.010415	0.900000	0.067080	0.000521
IND_BOILER_OIL	0.001656	0.000036	17.000000	0.000000	0.000030	Infinity	0.000000	0.000001	1.000000	0.033816	0.950000	0.067080	0.000372
IND_BOILER_COAL	0.002894	0.000058	17.000000	0.000000	0.000025	Infinity	0.000000	0.000000	1.000000	0.015007	0.900000	0.067080	0.001210
IND_BOILER_WASTE	179.958235	3.599144	17.000000	0.000000	1.562409	Infinity	0.000000	0.128394	1.000000	0.537903	0.900000	0.067080	45.106739
IND_DIRECT_ELEC	1202.398756	5.454578	15.000000	0.000000	3.617978	Infinity	0.000000	0.073361	1.000000	0.132726	0.950000	0.074944	5.318427
DHN_HP_ELEC	2603.261660	88.275193	25.000000	0.000000	7.966648	Infinity	0.000000	0.999997	1.000000	0.641424	0.950000	0.048263	1392.490454
DHN_COGEN_GAS	0.022926	0.000670	25.000000	0.000000	0.000019	Infinity	0.000000	0.000002	1.000000	0.121633	0.850000	0.048263	0.009408
DHN_COGEN_WOOD	0.000021	0.000001	25.000000	0.000000	0.000000	Infinity	0.000000	0.000000	1.000000	0.004565	0.850000	0.048263	0.000003
DHN_COGEN_WASTE	0.000941	0.000035	25.000000	0.000000	0.000000	Infinity	0.000000	0.000000	1.000000	0.001372	0.850000	0.048263	0.000222
DHN_COGEN_WET_BIOMASS	0.000780	0.000063	25.000000	0.000000	0.000001	Infinity	0.000000	0.000000	1.000000	0.002060	0.750000	0.048263	0.000609
DHN_COGEN_BIO_HYDROLYSIS	0.000033	0.000002	15.000000	0.000000	0.000000	Infinity	0.000000	0.000000	1.000000	0.000706	0.850000	0.074944	0.000005
DHN_BOILER_GAS	0.000373	0.000007	17.000000	0.000000	0.000006	Infinity	0.000000	0.000000	1.000000	0.009248	0.950000	0.067080	0.000078
DHN_BOILER_WOOD	0.000057	0.000001	17.000000	0.000000	0.000000	Infinity	0.000000	0.000000	1.000000	0.005508	0.900000	0.067080	0.000014
DHN_BOILER_OIL	0.000012	0.000000	17.000000	0.000000	0.000000	Infinity	0.000000	0.000000	1.000000	0.005298	0.950000	0.067080	0.000003
DHN_DEEP_GEO	0.000000	0.000000	30.000000	0.000000	0.000000	0.000000	0.000000	0.000000	1.000000	0.000000	0.850000	0.041639	0.000000
DHN_SOLAR	0.000055	0.000000	30.000000	0.000000	0.000000	Infinity	0.000000	0.000000	1.000000	0.001585	1.000000	0.041639	0.000034
DEC_HP_ELEC	8482.530030	353.675528	18.000000	0.000000	18.188413	Infinity	0.000000	0.958185	1.000000	0.450180	1.000000	0.063806	2999.087370
DEC_THHP_GAS	0.012357	0.000361	20.000000	0.000000	0.000041	Infinity	0.000000	0.000002	1.000000	0.192583	1.000000	0.058246	0.015773
DEC_COGEN_GAS	0.002484	0.000160	20.000000	0.000000	0.000002	Infinity	0.000000	0.000000	1.000000	0.010510	1.000000	0.058246	0.001895
DEC_COGEN_OIL	0.005776	0.000354	20.000000	0.000000	0.000005	Infinity	0.000000	0.000000	1.000000	0.022292	1.000000	0.058246	0.004753
DEC_ADVCOGEN_GAS	0.005588	0.000104	20.000000	0.000000	0.000001	Infinity	0.000000	0.000000	1.000000	0.004272	1.000000	0.058246	0.001983
DEC_ADVCOGEN_H2	4880.476440	90.954032	20.000000	0.000000	0.789411	Infinity	0.000000	0.041803	1.000000	0.452515	1.000000	0.058246	1731.532916
DEC_BOILER_GAS	0.004522	0.000136	17.000000	0.000000	0.000029	Infinity	0.000000	0.000000	1.000000	0.011137	1.000000	0.067080	0.000602
DEC_BOILER_WOOD	0.000813	0.000028	17.000000	0.000000	0.000002	Infinity	0.000000	0.000000	1.000000	0.016609	1.000000	0.067080	0.000037
DEC_BOILER_OIL	0.003003	0.000180	17.000000	0.000000	0.000021	Infinity	0.000000	0.000000	1.000000	0.010301	1.000000	0.067080	0.000445
DEC_SOLAR	0.970004	0.010762	20.000000	0.000000	0.001388	Infinity	0.000000	0.000008	1.000000	0.051368	1.000000	0.058246	0.307067
DEC_DIRECT_ELEC	0.007913	0.000035	15.000000	0.000000	0.000205	Infinity	0.000000	0.000000	1.000000	0.015342	1.000000	0.074944	0.000302
TRAMWAY_TROLLEY	4892.976850	97.859537	30.000000	0.000000	7.828763	Infinity	0.000000	0.300001	0.300000	0.342471	0.342470	0.041639	0.000000
BUS_COACH_DIESEL	0.000338	0.000017	15.000000	0.000000	0.000001	Infinity	0.000000	0.000000	1.000000	0.003378	0.296800	0.074944	0.000000
BUS_COACH_HYDIESEL	0.000399	0.000016	15.000000	0.000000	0.000000	Infinity	0.000000	0.000000	1.000000	0.003659	0.296800	0.074944	0.000000
BUS_COACH_CNG_STOICH	0.000832	0.000041	15.000000	0.000000	0.000001	Infinity	0.000000	0.000000	1.000000	0.005686	0.296800	0.074944	0.000000
BUS_COACH_FC_HYBRIDH2	4691.023366	188.195036	15.000000	0.000000	6.022241	Infinity	0.000000	0.199999	1.000000	0.296800	0.296800	0.074944	0.000000
BUS_COACH_ELECTRIC	0.001877	0.000084	15.000000	0.000000	0.000003	Infinity	0.000000	0.000000	1.000000	0.026324	0.296800	0.074944	0.000000
TRAIN_PUB	24465.412667	882.964663	40.000000	0.000000	16.245078	Infinity	0.000000	0.500000	0.500000	0.275070	0.275070	0.033427	0.000000
CAR_GASOLINE	0.000000	0.000000	10.000000	0.000000	0.000000	0.000000	0.000000	0.000000	1.000000	0.000000	0.051370	0.108434	0.000000
CAR_DIESEL	0.000220	0.000012	10.000000	0.000000	0.000000	Infinity	0.000000	0.000000	1.000000	0.001392	0.051370	0.108434	0.000000
CAR_NG	0.000294	0.000016	10.000000	0.000000	0.000001	Infinity	0.000000	0.000000	1.000000	0.001450	0.051370	0.108434	0.000000
CAR_METHANOL	0.000273	0.000015	10.000000	0.000000	0.000001	Infinity	0.000000	0.000000	1.000000	0.001468	0.051370	0.108434	0.000000
CAR_HEV	0.000249	0.000019	10.000000	0.000000	0.000001	Infinity	0.000000	0.000000	1.000000	0.001430	0.051370	0.108434	0.000000
CAR_PHEV	0.161596	0.011981	10.000000	0.000000	0.000352	Infinity	0.000000	0.000001	1.000000	0.033676	0.051370	0.108434	0.000000
CAR_BEV	72794.267346	1739.741584	10.000000	0.000000	173.974158	Infinity	0.000000	0.999999	1.000000	0.051370	0.051370	0.108434	0.000000
CAR_FUEL_CELL	0.000351	0.000006	10.000000	0.000000	0.000001	Infinity	0.000000	0.000000	1.000000	0.002160	0.051370	0.108434	0.000000
TRAIN_FREIGHT	783.484856	15.669035	40.000000	0.000000	7.503207	Infinity	0.000000	1.000000	1.000000	0.342470	0.342470	0.033427	0.000000
BOAT_FREIGHT_DIESEL	0.000055	0.000003	40.000000	0.000000	0.000001	Infinity	0.000000	0.000000	1.000000	0.001601	0.114160	0.033427	0.000000
BOAT_FREIGHT_NG	0.016876	0.000829	40.000000	0.000000	0.000217	Infinity	0.000000	0.000008	1.000000	0.115797	0.114160	0.033427	0.000000
BOAT_FREIGHT_METHANOL	2107.093014	103.165296	40.000000	0.000000	27.010550	Infinity	0.000000	0.999992	1.000000	0.114160	0.114160	0.033427	0.000000
TRUCK_DIESEL	4169.110014	204.111112	15.000000	11.000000	11.000000	Infinity	0.000000	0.220199	1.000000	0.092590	0.092590	0.074944	0.000000
TRUCK_METHANOL	0.000065	0.000003	15.000000	0.000000	0.000000	Infinity	0.000000	0.000000	1.000000	0.001106	0.092590	0.074944	0.000000
TRUCK_FUEL_CELL	18426.924557	470.054432	15.000000	0.000000	38.954787	Infinity	0.000000	0.779801	1.000000	0.092590	0.092590	0.074944	0.000000
TRUCK_ELEC	0.000408	0.000022	15.000000	0.000000	0.000001	Infinity	0.000000	0.000000	1.000000	0.020289	0.092590	0.074944	0.000000
TRUCK_NG	0.000587	0.000029	15.000000	0.000000	0.000002	Infinity	0.000000	0.000000	1.000000	0.002390	0.092590	0.074944	0.000000
HABER_BOSCH	953.187918	18.636129	20.000000	0.000000	1.184496	Infinity	0.000000	1.000000	1.000000	0.655844	1.000000	0.058246	0.000000
SYN_METHANOLATION	0.000208	0.000006	20.000000	0.000000	0.000000	Infinity	0.000000	0.037597	1.000000	0.004715	0.950000	0.058246	0.000000
METHANE_TO_METHANOL	0.046265	0.002023	25.000000	0.000000	0.000068	Infinity	0.000000	0.941399	1.000000	0.118051	0.850000	0.048263	0.000000
BIOMASS_TO_METHANOL	0.000944	0.000014	20.000000	0.000000	0.000000	Infinity	0.000000	0.021004	1.000000	0.002634	1.000000	0.058246	0.000000
OIL_TO_HVC	0.002626	0.000014	20.000000	0.000000	0.000007	Infinity	0.000000	0.000000	1.000000	0.018908	1.000000	0.058246	0.000000
GAS_TO_HVC	138.483349	3.462063	20.000000	0.000000	0.182746	Infinity	0.000000	0.003087	1.000000	0.081195	1.000000	0.058246	0.000000
METHANOL_TO_HVC	2066.173379	185.955044	20.000000	0.000000	3.119223	Infinity	0.000000	0.648971	1.000000	0.999999	1.000000	0.058246	0.000000
ADLIBIO_TO_HVC	1491.471660	32.562673	20.000000	0.000000	1.687185	Infinity	0.000000	0.347941	1.000000	0.991205	1.000000	0.058246	1602.319723
PHS	294.000410	0.000000	50.000000	5.000000	5.000007	6.500000	0.000000	-1.000000	1.000000	0.020124	1.000000	0.028572	
BATT_LI	1201.637365	1.857801	15.000000	0.000000	5.858788	Infinity	0.000000	-1.000000	1.000000	0.022340	1.000000	0.074944	
BEV_BATT	0.000000	0.000000	1.000000	0.000000	172.593411	Infinity	0.000000	-1.000000	1.000000	0.004085	1.000000	1.015000	
PHEV_BATT	0.000000	0.000000	1.000000	0.000000	0.000070	Infinity	0.000000	-1.000000	1.000000	0.005239	1.000000	1.015000	
TS_DEC_DIRECT_ELEC	0.018933	0.000133	20.000000	0.000000	0.000998	Infinity	0.000000	-1.000000	1.000000	0.002533	1.000000	0.058246	
TS_DEC_HP_ELEC	1134.151658	7.939821	20.000000	0.000000	59.786592	Infinity	0.000000	-1.000000	1.000000	0.031368	1.000000	0.058246	
TS_DEC_THHP_GAS	0.018883	0.000132	20.000000	0.000000	0.000995	Infinity	0.000000	-1.000000	1.000000	0.005577	1.000000	0.058246	
TS_DEC_COGEN_GAS	0.018718	0.000131	20.000000	0.000000	0.000987	Infinity	0.000000	-1.000000	1.000000	0.000454	1.000000	0.058246	
TS_DEC_COGEN_OIL	0.018471	0.000129	20.000000	0.000000	0.000974	Infinity	0.000000	-1.000000	1.000000	0.000669	1.000000	0.058246	
TS_DEC_ADVCOGEN_GAS	0.018704	0.000131	20.000000	0.000000	0.000986	Infinity	0.000000	-1.000000	1.000000	0.000346	1.000000	0.058246	
TS_DEC_ADVCOGEN_H2	39.255613	0.274816	20.000000	0.000000	2.069352	Infinity	0.000000	-1.000000	1.000000	0.027410	1.000000	0.058246	
TS_DEC_BOILER_GAS	0.018717	0.000131	20.000000	0.000000	0.000987	Infinity	0.000000	-1.000000	1.000000	0.000628	1.000000	0.058246	
TS_DEC_BOILER_WOOD	0.019139	0.000134	20.000000	0.000000	0.001009	Infinity	0.000000	-1.000000	1.000000	0.000792	1.000000	0.058246	
TS_DEC_BOILER_OIL	0.018858	0.000132	20.000000	0.000000	0.000994	Infinity	0.000000	-1.000000	1.000000	0.000369	1.000000	0.058246	
TS_DHN_DAILY	0.044027	0.000126	40.000000	0.000000	0.014676	Infinity	0.000000	-1.000000	1.000000	0.000954	1.000000	0.033427	
TS_DHN_SEASONAL	526.356868	2.910146	25.000000	0.000000	1012.224746	Infinity	0.000000	-1.000000	1.000000	0.001525	1.000000	0.048263	
TS_HIGH_TEMP	1094.543209	11.714697	25.000000	0.000000	39.048991	Infinity	0.000000	-1.000000	1.000000	0.015587	1.000000	0.048263	
GAS_STORAGE	0.014810	0.000388	50.000000	0.000000	0.296208	Infinity	0.000000	-1.000000	1.000000	0.000139	1.000000	0.028572	
H2_STORAGE	36.440690	2.295940	20.000000	0.000000	5.887026	Infinity	0.000000	-1.000000	1.000000	0.018457	1.000000	0.058246	
DIESEL_STORAGE	0.093516	0.003713	20.000000	0.000000	9.351632	Infinity	0.000000	-1.000000	1.000000	0.000008	1.000000	0.058246	
GASOLINE_STORAGE	0.094895	0.003767	20.000000	0.000000	9.489468	Infinity	0.000000	-1.000000	1.000000	0.000000	1.000000	0.058246	
LFO_STORAGE	0.120264	0.004774	20.000000	0.000000	12.026424	Infinity	0.000000	-1.000000	1.000000	0.000000	1.000000	0.058246	
AMMONIA_STORAGE	0.000202	0.000008	20.000000	0.000000	0.020194	Infinity	0.000000	-1.000000	1.000000	0.000100	1.000000	0.058246	
METHANOL_STORAGE	0.000008	0.000000	20.000000	0.000000	0.000792	Infinity	0.000000	-1.000000	1.000000	0.000076	1.000000	0.058246	
CO2_STORAGE	0.383161	0.003832	30.000000	0.000000	0.007741	Infinity	0.000000	-1.000000	1.000000	0.000045	1.000000	0.041639	
ADLIBIO_TO_FUEL	0.001160	0.000021	20.000000	0.000000	0.000002	Infinity	0.000000	-1.000000	1.000000	0.027633	1.000000	0.058246	
AMMONIA_TO_H2	0.000037	0.000003	25.000000	0.000000	0.000000	Infinity	0.000000	-1.000000	1.000000	0.003413	0.860000	0.048263	
ATM_CCS	0.005624	0.000140	40.000000	0.000000	0.000001	Infinity	0.000000	-1.000000	1.000000	0.006528	1.000000	0.033427	
BIO_HYDROLYSIS	4034.912614	275.102386	15.000000	0.000000	2.667799	Infinity	0.000000	-1.000000	1.000000	0.704096	0.850000	0.074944	
BIOMETHANATION	0.003246	0.000045	20.000000	0.000000	0.000003	Infinity	0.000000	-1.000000	1.000000	0.019331	0.850000	0.058246	
DHN	6710.645463	0.000000	60.000000	0.000000	8.125449	Infinity	0.000000	-1.000000	1.000000	0.000000	1.000000	0.025393	
EFFICIENCY	5517.241379	0.000000	1.000000	0.000000	0.985222	Infinity	0.000000	-1.000000	1.000000	0.000000	1.000000	1.015000	
GASIFICATION_SNG	0.000129	0.000009	25.000000	0.000000	0.000000	Infinity	0.000000	-1.000000	1.000000	0.006573	0.850000	0.048263	
GRID	102567.993595	0.000000	80.000000	0.000000	1.369051	Infinity	0.000000	-1.000000	1.000000	0.000000	1.000000	0.021548	
H2_BIOMASS	2210.428121	155.722227	25.000000	0.000000	1.094103	Infinity	0.000000	-1.000000	1.000000	0.859998	0.860000	0.048263	
H2_ELECTROLYSIS	0.007096	0.000195	15.000000	0.000000	0.000012	Infinity	0.000000	-1.000000	1.000000	0.021745	0.900000	0.074944	
INDUSTRY_CCS	0.000600	0.000015	40.000000	0.000000	0.000000	Infinity	0.000000	-1.000000	1.000000	0.003975	1.000000	0.033427	
REDIFUEL	0.000727	0.000019	20.000000	0.000000	0.000000	Infinity	0.000000	-1.000000	1.000000	0.000905	1.000000	0.058246	
SMR	0.002111	0.000195	25.000000	0.000000	0.000003	Infinity	0.000000	-1.000000	1.000000	0.007817	0.860000	0.048263	
SYN_METHANATION	0.000168	0.000043	40.000000	0.000000	0.000001	Infinity	0.000000	-1.000000	1.000000	0.022483	1.000000	0.033427	