TECHNOLOGIES	 c_inv	 c_maint	 lifetime	  f_min	 f	 f_max	 fmin_perc	f_perc	 fmax_perc	 c_p	 c_p_max	 tau	 gwp_constr
 UNITS	[M€/GW]	 [M€/GW/y]	 [y]	 [GW or GWh]	 [GW or GWh]	 [GW or GWh]	 [0-1]	 [0-1]	 [0-1]	 [0-1]	 [0-1]	 [-]	 [ktCO2-eq./GW or GWh]
NUCLEAR	0.000000	0.000000	60.000000	0.000000	0.000000	0.000000	0.000000	0.000000	1.000000	0.000000	0.849000	0.025393	0.000000
CCGT	0.002886	0.000073	25.000000	0.000000	0.000004	Infinity	0.000000	0.000000	1.000000	0.016957	0.961540	0.048263	0.000687
CCGT_AMMONIA	0.000735	0.000019	25.000000	0.000000	0.000001	Infinity	0.000000	0.000000	1.000000	0.000418	0.630000	0.048263	0.000175
COAL_US	0.000000	0.000000	35.000000	0.000000	0.000000	0.000000	0.000000	0.000000	1.000000	0.000000	0.868000	0.036934	0.000000
COAL_IGCC	0.000000	0.000000	35.000000	0.000000	0.000000	0.000000	0.000000	0.000000	1.000000	0.000000	0.856000	0.036934	0.000000
PV	32244.845291	368.238612	25.000000	0.000000	37.063041	59.200000	0.000000	0.489187	1.000000	0.115766	1.000000	0.048263	77144.124522
WIND_ONSHORE	10399.999998	120.960000	30.000000	0.000000	10.000000	10.000000	0.000000	0.255186	1.000000	0.223822	1.000000	0.041639	6228.499999
WIND_OFFSHORE	29847.779992	207.666000	30.000000	0.000000	6.000000	6.000000	0.000000	0.249568	1.000000	0.364823	1.000000	0.041639	3737.099999
HYDRO_RIVER	580.165796	5.801152	40.000000	0.000000	0.115000	0.115000	0.000000	0.006058	1.000000	0.462057	1.000000	0.033427	145.224299
GEOTHERMAL	0.000000	0.000000	30.000000	0.000000	0.000000	0.000000	0.000000	0.000000	1.000000	0.000000	0.950000	0.041639	0.000000
IND_COGEN_GAS	3410.435001	219.219586	25.000000	0.000000	2.422132	Infinity	0.000000	0.294218	1.000000	0.850000	0.850000	0.048263	2481.038600
IND_COGEN_WOOD	0.000977	0.000036	25.000000	0.000000	0.000001	Infinity	0.000000	0.000000	1.000000	0.003102	0.850000	0.048263	0.000149
IND_COGEN_WASTE	0.000784	0.000029	25.000000	0.000000	0.000000	Infinity	0.000000	0.000000	1.000000	0.000473	0.850000	0.048263	0.000173
IND_BOILER_GAS	434.810361	8.711607	17.000000	0.000000	7.383433	Infinity	0.000000	0.171844	1.000000	0.162863	0.950000	0.067080	90.963893
IND_BOILER_WOOD	0.000590	0.000012	17.000000	0.000000	0.000005	Infinity	0.000000	0.000000	1.000000	0.003178	0.900000	0.067080	0.000148
IND_BOILER_OIL	0.000600	0.000013	17.000000	0.000000	0.000011	Infinity	0.000000	0.000000	1.000000	0.002271	0.950000	0.067080	0.000135
IND_BOILER_COAL	294.029517	5.880556	17.000000	0.000000	2.552783	Infinity	0.000000	0.293632	1.000000	0.804893	0.900000	0.067080	122.993073
IND_BOILER_WASTE	282.853220	5.657031	17.000000	0.000000	2.455749	Infinity	0.000000	0.238115	1.000000	0.678500	0.900000	0.067080	70.897486
IND_DIRECT_ELEC	59.428488	0.269592	15.000000	0.000000	0.178818	Infinity	0.000000	0.002192	1.000000	0.085765	0.950000	0.074944	0.262863
DHN_HP_ELEC	1817.453512	61.628389	25.000000	0.000000	5.271648	Infinity	0.000000	0.588394	1.000000	0.596241	0.950000	0.048263	921.431429
DHN_COGEN_GAS	3511.725750	102.675374	25.000000	0.000000	2.799325	Infinity	0.000000	0.411606	1.000000	0.785469	0.850000	0.048263	1374.132864
DHN_COGEN_WOOD	0.000688	0.000025	25.000000	0.000000	0.000001	Infinity	0.000000	0.000000	1.000000	0.000996	0.850000	0.048263	0.000105
DHN_COGEN_WASTE	0.000726	0.000027	25.000000	0.000000	0.000000	Infinity	0.000000	0.000000	1.000000	0.000386	0.850000	0.048263	0.000161
DHN_COGEN_WET_BIOMASS	0.000523	0.000043	25.000000	0.000000	0.000000	Infinity	0.000000	0.000000	1.000000	0.001462	0.750000	0.048263	0.000389
DHN_COGEN_BIO_HYDROLYSIS	0.000546	0.000027	15.000000	0.000000	0.000000	Infinity	0.000000	0.000000	1.000000	0.000252	0.850000	0.074944	0.000078
DHN_BOILER_GAS	0.000136	0.000003	17.000000	0.000000	0.000002	Infinity	0.000000	0.000000	1.000000	0.001488	0.950000	0.067080	0.000028
DHN_BOILER_WOOD	0.000214	0.000004	17.000000	0.000000	0.000002	Infinity	0.000000	0.000000	1.000000	0.001243	0.900000	0.067080	0.000054
DHN_BOILER_OIL	0.000121	0.000003	17.000000	0.000000	0.000002	Infinity	0.000000	0.000000	1.000000	0.001061	0.950000	0.067080	0.000027
DHN_DEEP_GEO	0.000000	0.000000	30.000000	0.000000	0.000000	0.000000	0.000000	0.000000	1.000000	0.000000	0.850000	0.041639	0.000000
DHN_SOLAR	0.000269	0.000000	30.000000	0.000000	0.000001	Infinity	0.000000	0.000000	1.000000	0.000361	1.000000	0.041639	0.000165
DEC_HP_ELEC	8334.600998	347.508920	18.000000	0.000000	16.938869	Infinity	0.000000	0.870797	1.000000	0.449257	1.000000	0.063806	2793.050074
DEC_THHP_GAS	795.481018	23.249796	20.000000	0.000000	2.519897	Infinity	0.000000	0.129203	1.000000	0.448078	1.000000	0.058246	962.424180
DEC_COGEN_GAS	0.001429	0.000092	20.000000	0.000000	0.000001	Infinity	0.000000	0.000000	1.000000	0.003064	1.000000	0.058246	0.001040
DEC_COGEN_OIL	0.001177	0.000072	20.000000	0.000000	0.000001	Infinity	0.000000	0.000000	1.000000	0.002010	1.000000	0.058246	0.000924
DEC_ADVCOGEN_GAS	0.002436	0.000045	20.000000	0.000000	0.000000	Infinity	0.000000	0.000000	1.000000	0.001205	1.000000	0.058246	0.000738
DEC_ADVCOGEN_H2	0.001650	0.000031	20.000000	0.000000	0.000000	Infinity	0.000000	0.000000	1.000000	0.000430	1.000000	0.058246	0.000500
DEC_BOILER_GAS	0.001031	0.000031	17.000000	0.000000	0.000007	Infinity	0.000000	0.000000	1.000000	0.002058	1.000000	0.067080	0.000137
DEC_BOILER_WOOD	0.000987	0.000035	17.000000	0.000000	0.000002	Infinity	0.000000	0.000000	1.000000	0.002160	1.000000	0.067080	0.000045
DEC_BOILER_OIL	0.000796	0.000048	17.000000	0.000000	0.000006	Infinity	0.000000	0.000000	1.000000	0.001997	1.000000	0.067080	0.000118
DEC_SOLAR	0.005083	0.000056	20.000000	0.000000	0.000007	Infinity	0.000000	0.000000	1.000000	0.003465	1.000000	0.058246	0.001564
DEC_DIRECT_ELEC	0.001254	0.000005	15.000000	0.000000	0.000031	Infinity	0.000000	0.000000	1.000000	0.000917	1.000000	0.074944	0.000046
TRAMWAY_TROLLEY	4725.034517	94.500690	30.000000	0.000000	7.560055	Infinity	0.000000	0.300000	0.300000	0.342470	0.342470	0.041639	0.000000
BUS_COACH_DIESEL	0.000186	0.000009	15.000000	0.000000	0.000000	Infinity	0.000000	0.000000	1.000000	0.000896	0.296800	0.074944	0.000000
BUS_COACH_HYDIESEL	0.000221	0.000009	15.000000	0.000000	0.000000	Infinity	0.000000	0.000000	1.000000	0.000790	0.296800	0.074944	0.000000
BUS_COACH_CNG_STOICH	12438.831520	621.942707	15.000000	0.000000	20.354489	Infinity	0.000000	0.700000	1.000000	0.296800	0.296800	0.074944	0.000000
BUS_COACH_FC_HYBRIDH2	0.000107	0.000004	15.000000	0.000000	0.000000	Infinity	0.000000	0.000000	1.000000	0.000393	0.296800	0.074944	0.000000
BUS_COACH_ELECTRIC	0.000145	0.000006	15.000000	0.000000	0.000000	Infinity	0.000000	0.000000	1.000000	0.000604	0.296800	0.074944	0.000000
TRAIN_PUB	0.013423	0.000484	40.000000	0.000000	0.000009	Infinity	0.000000	0.000000	0.500000	0.024518	0.275070	0.033427	0.000000
CAR_GASOLINE	21014.500005	1200.000000	10.000000	50.000000	50.000000	Infinity	0.000000	0.297614	1.000000	0.051370	0.051370	0.108434	0.000000
CAR_DIESEL	0.000060	0.000003	10.000000	0.000000	0.000000	Infinity	0.000000	0.000000	1.000000	0.000077	0.051370	0.108434	0.000000
CAR_NG	0.000092	0.000005	10.000000	0.000000	0.000000	Infinity	0.000000	0.000000	1.000000	0.000115	0.051370	0.108434	0.000000
CAR_METHANOL	0.000085	0.000005	10.000000	0.000000	0.000000	Infinity	0.000000	0.000000	1.000000	0.000109	0.051370	0.108434	0.000000
CAR_HEV	0.000056	0.000004	10.000000	0.000000	0.000000	Infinity	0.000000	0.000000	1.000000	0.000072	0.051370	0.108434	0.000000
CAR_PHEV	0.024567	0.001830	10.000000	0.000000	0.000054	Infinity	0.000000	0.000000	1.000000	0.016819	0.051370	0.108434	0.000000
CAR_BEV	51193.165460	1180.028247	10.000000	0.000000	118.002825	Infinity	0.000000	0.702386	1.000000	0.051370	0.051370	0.108434	0.000000
CAR_FUEL_CELL	0.000025	0.000000	10.000000	0.000000	0.000000	Infinity	0.000000	0.000000	1.000000	0.000000	0.051370	0.108434	0.000000
TRAIN_FREIGHT	737.033461	14.740046	40.000000	0.000000	7.058355	Infinity	0.000000	1.000000	1.000000	0.342470	0.342470	0.033427	0.000000
BOAT_FREIGHT_DIESEL	0.000160	0.000008	40.000000	0.000000	0.000002	Infinity	0.000000	0.000000	1.000000	0.002180	0.114160	0.033427	0.000000
BOAT_FREIGHT_NG	0.000034	0.000002	40.000000	0.000000	0.000000	Infinity	0.000000	0.000000	1.000000	0.000504	0.114160	0.033427	0.000000
BOAT_FREIGHT_METHANOL	1941.019104	97.049544	40.000000	0.000000	25.409335	Infinity	0.000000	1.000000	1.000000	0.114160	0.114160	0.033427	0.000000
TRUCK_DIESEL	12617.740009	630.888889	15.000000	34.000000	34.000000	Infinity	0.000000	0.723510	1.000000	0.092590	0.092590	0.074944	0.000000
TRUCK_METHANOL	4821.875502	241.094497	15.000000	0.000000	12.993117	Infinity	0.000000	0.276490	1.000000	0.092590	0.092590	0.074944	0.000000
TRUCK_FUEL_CELL	0.000022	0.000001	15.000000	0.000000	0.000000	Infinity	0.000000	0.000000	1.000000	0.000042	0.092590	0.074944	0.000000
TRUCK_ELEC	0.017596	0.000938	15.000000	0.000000	0.000041	Infinity	0.000000	0.000001	1.000000	0.037546	0.092590	0.074944	0.000000
TRUCK_NG	0.000038	0.000002	15.000000	0.000000	0.000000	Infinity	0.000000	0.000000	1.000000	0.000094	0.092590	0.074944	0.000000
HABER_BOSCH	0.001526	0.000030	20.000000	0.000000	0.000002	Infinity	0.000000	1.000000	1.000000	0.006924	1.000000	0.058246	0.000000
SYN_METHANOLATION	0.000557	0.000016	20.000000	0.000000	0.000000	Infinity	0.000000	0.247171	1.000000	0.000654	0.950000	0.058246	0.000000
METHANE_TO_METHANOL	0.000848	0.000037	25.000000	0.000000	0.000001	Infinity	0.000000	0.523408	1.000000	0.001385	0.850000	0.048263	0.000000
BIOMASS_TO_METHANOL	0.000654	0.000010	20.000000	0.000000	0.000000	Infinity	0.000000	0.229421	1.000000	0.000607	1.000000	0.058246	0.000000
OIL_TO_HVC	0.000602	0.000003	20.000000	0.000000	0.000002	Infinity	0.000000	0.000000	1.000000	0.001091	1.000000	0.058246	0.000000
GAS_TO_HVC	0.000665	0.000017	20.000000	0.000000	0.000001	Infinity	0.000000	0.000000	1.000000	0.000777	1.000000	0.058246	0.000000
METHANOL_TO_HVC	3293.143262	296.382894	20.000000	0.000000	4.723384	Infinity	0.000000	1.000000	1.000000	1.000000	1.000000	0.058246	0.000000
ADLIBIO_TO_HVC	0.000682	0.000015	20.000000	0.000000	0.000001	Infinity	0.000000	0.000000	1.000000	0.001543	1.000000	0.058246	0.000711
PHS	294.000004	0.000000	50.000000	5.000000	5.000000	6.500000	0.000000	-1.000000	1.000000	0.020811	1.000000	0.028572	
BATT_LI	0.003833	0.000006	15.000000	0.000000	0.000013	Infinity	0.000000	-1.000000	1.000000	0.002896	1.000000	0.074944	
BEV_BATT	0.000000	0.000000	1.000000	0.000000	117.066294	Infinity	0.000000	-1.000000	1.000000	0.004368	1.000000	1.015000	
PHEV_BATT	0.000000	0.000000	1.000000	0.000000	0.000011	Infinity	0.000000	-1.000000	1.000000	0.000826	1.000000	1.015000	
TS_DEC_DIRECT_ELEC	0.002918	0.000020	20.000000	0.000000	0.000154	Infinity	0.000000	-1.000000	1.000000	0.000655	1.000000	0.058246	
TS_DEC_HP_ELEC	982.397089	6.877437	20.000000	0.000000	51.786879	Infinity	0.000000	-1.000000	1.000000	0.028890	1.000000	0.058246	
TS_DEC_THHP_GAS	80.426064	0.563036	20.000000	0.000000	4.239645	Infinity	0.000000	-1.000000	1.000000	0.045247	1.000000	0.058246	
TS_DEC_COGEN_GAS	0.002913	0.000020	20.000000	0.000000	0.000154	Infinity	0.000000	-1.000000	1.000000	0.000756	1.000000	0.058246	
TS_DEC_COGEN_OIL	0.002797	0.000020	20.000000	0.000000	0.000147	Infinity	0.000000	-1.000000	1.000000	0.000504	1.000000	0.058246	
TS_DEC_ADVCOGEN_GAS	0.002914	0.000020	20.000000	0.000000	0.000154	Infinity	0.000000	-1.000000	1.000000	0.000649	1.000000	0.058246	
TS_DEC_ADVCOGEN_H2	0.002881	0.000020	20.000000	0.000000	0.000152	Infinity	0.000000	-1.000000	1.000000	0.000368	1.000000	0.058246	
TS_DEC_BOILER_GAS	0.002919	0.000020	20.000000	0.000000	0.000154	Infinity	0.000000	-1.000000	1.000000	0.000727	1.000000	0.058246	
TS_DEC_BOILER_WOOD	0.002900	0.000020	20.000000	0.000000	0.000153	Infinity	0.000000	-1.000000	1.000000	0.000621	1.000000	0.058246	
TS_DEC_BOILER_OIL	0.002898	0.000020	20.000000	0.000000	0.000153	Infinity	0.000000	-1.000000	1.000000	0.000588	1.000000	0.058246	
TS_DHN_DAILY	0.004957	0.000014	40.000000	0.000000	0.001652	Infinity	0.000000	-1.000000	1.000000	0.001220	1.000000	0.033427	
TS_DHN_SEASONAL	324.777058	1.779257	25.000000	0.000000	601.438995	Infinity	0.000000	-1.000000	1.000000	0.001475	1.000000	0.048263	
TS_HIGH_TEMP	79.152396	0.847154	25.000000	0.000000	2.823846	Infinity	0.000000	-1.000000	1.000000	0.042919	1.000000	0.048263	
GAS_STORAGE	39.812477	1.042421	50.000000	0.000000	796.249531	Infinity	0.000000	-1.000000	1.000000	0.000270	1.000000	0.028572	
H2_STORAGE	1.326340	0.083566	20.000000	0.000000	0.214271	Infinity	0.000000	-1.000000	1.000000	0.010484	1.000000	0.058246	
DIESEL_STORAGE	0.042940	0.001705	20.000000	0.000000	4.294018	Infinity	0.000000	-1.000000	1.000000	0.000009	1.000000	0.058246	
GASOLINE_STORAGE	3.283949	0.130373	20.000000	0.000000	328.394907	Infinity	0.000000	-1.000000	1.000000	0.001318	1.000000	0.058246	
LFO_STORAGE	0.051057	0.002027	20.000000	0.000000	5.105724	Infinity	0.000000	-1.000000	1.000000	0.000000	1.000000	0.058246	
AMMONIA_STORAGE	0.000059	0.000002	20.000000	0.000000	0.005904	Infinity	0.000000	-1.000000	1.000000	0.000035	1.000000	0.058246	
METHANOL_STORAGE	0.000002	0.000000	20.000000	0.000000	0.000211	Infinity	0.000000	-1.000000	1.000000	0.000007	1.000000	0.058246	
CO2_STORAGE	0.058850	0.000588	30.000000	0.000000	0.001189	Infinity	0.000000	-1.000000	1.000000	0.000004	1.000000	0.041639	
ADLIBIO_TO_FUEL	985.899938	18.002167	20.000000	0.000000	1.406419	Infinity	0.000000	-1.000000	1.000000	0.907290	1.000000	0.058246	
AMMONIA_TO_H2	0.000398	0.000037	25.000000	0.000000	0.000001	Infinity	0.000000	-1.000000	1.000000	0.000526	0.860000	0.048263	
ATM_CCS	0.001072	0.000027	40.000000	0.000000	0.000000	Infinity	0.000000	-1.000000	1.000000	0.000190	1.000000	0.033427	
BIO_HYDROLYSIS	3517.894653	239.852325	15.000000	0.000000	2.209858	Infinity	0.000000	-1.000000	1.000000	0.850000	0.850000	0.074944	
BIOMETHANATION	0.012708	0.000176	20.000000	0.000000	0.000013	Infinity	0.000000	-1.000000	1.000000	0.076572	0.850000	0.058246	
DHN	6665.663561	0.000000	60.000000	0.000000	8.070983	Infinity	0.000000	-1.000000	1.000000	0.000000	1.000000	0.025393	
EFFICIENCY	5517.241379	0.000000	1.000000	0.000000	0.985222	Infinity	0.000000	-1.000000	1.000000	0.000000	1.000000	1.015000	
GASIFICATION_SNG	0.000676	0.000048	25.000000	0.000000	0.000000	Infinity	0.000000	-1.000000	1.000000	0.000896	0.850000	0.048263	
GRID	94435.646318	0.000000	80.000000	0.000000	1.260502	Infinity	0.000000	-1.000000	1.000000	0.000000	1.000000	0.021548	
H2_BIOMASS	682.206241	48.060631	25.000000	0.000000	0.270139	Infinity	0.000000	-1.000000	1.000000	0.860000	0.860000	0.048263	
H2_ELECTROLYSIS	0.001508	0.000041	15.000000	0.000000	0.000002	Infinity	0.000000	-1.000000	1.000000	0.003128	0.900000	0.074944	
INDUSTRY_CCS	0.001054	0.000026	40.000000	0.000000	0.000000	Infinity	0.000000	-1.000000	1.000000	0.000240	1.000000	0.033427	
REDIFUEL	0.002562	0.000068	20.000000	0.000000	0.000000	Infinity	0.000000	-1.000000	1.000000	0.000355	1.000000	0.058246	
SMR	508.935430	46.965319	25.000000	0.000000	0.747072	Infinity	0.000000	-1.000000	1.000000	0.860000	0.860000	0.048263	
SYN_METHANATION	0.000218	0.000056	40.000000	0.000000	0.000001	Infinity	0.000000	-1.000000	1.000000	0.001135	1.000000	0.033427	