TECHNOLOGIES	 c_inv	 c_maint	 lifetime	  f_min	 f	 f_max	 fmin_perc	f_perc	 fmax_perc	 c_p	 c_p_max	 tau	 gwp_constr
 UNITS	[M€/GW]	 [M€/GW/y]	 [y]	 [GW or GWh]	 [GW or GWh]	 [GW or GWh]	 [0-1]	 [0-1]	 [0-1]	 [0-1]	 [0-1]	 [-]	 [ktCO2-eq./GW or GWh]
NUCLEAR	0.000000	0.000000	60.000000	0.000000	0.000000	0.000000	0.000000	0.000000	1.000000	0.000000	0.849000	0.025393	0.000000
CCGT	0.002990	0.000076	25.000000	0.000000	0.000004	Infinity	0.000000	0.000000	1.000000	0.017314	0.961540	0.048263	0.000712
CCGT_AMMONIA	0.000728	0.000018	25.000000	0.000000	0.000001	Infinity	0.000000	0.000000	1.000000	0.000420	0.630000	0.048263	0.000173
COAL_US	0.000000	0.000000	35.000000	0.000000	0.000000	0.000000	0.000000	0.000000	1.000000	0.000000	0.868000	0.036934	0.000000
COAL_IGCC	0.000000	0.000000	35.000000	0.000000	0.000000	0.000000	0.000000	0.000000	1.000000	0.000000	0.856000	0.036934	0.000000
PV	32710.729322	373.559043	25.000000	0.000000	37.598539	59.200000	0.000000	0.493815	1.000000	0.116446	1.000000	0.048263	78258.727970
WIND_ONSHORE	10399.999878	120.959999	30.000000	0.000000	10.000000	10.000000	0.000000	0.252961	1.000000	0.224277	1.000000	0.041639	6228.499927
WIND_OFFSHORE	29847.779989	207.666000	30.000000	0.000000	6.000000	6.000000	0.000000	0.247224	1.000000	0.365317	1.000000	0.041639	3737.099999
HYDRO_RIVER	580.165795	5.801152	40.000000	0.000000	0.115000	0.115000	0.000000	0.006000	1.000000	0.462607	1.000000	0.033427	145.224299
GEOTHERMAL	0.000000	0.000000	30.000000	0.000000	0.000000	0.000000	0.000000	0.000000	1.000000	0.000000	0.950000	0.041639	0.000000
IND_COGEN_GAS	3631.113500	233.404594	25.000000	0.000000	2.578861	Infinity	0.000000	0.292779	1.000000	0.850000	0.850000	0.048263	2641.578788
IND_COGEN_WOOD	0.002088	0.000076	25.000000	0.000000	0.000002	Infinity	0.000000	0.000000	1.000000	0.010962	0.850000	0.048263	0.000319
IND_COGEN_WASTE	0.000927	0.000034	25.000000	0.000000	0.000000	Infinity	0.000000	0.000000	1.000000	0.000632	0.850000	0.048263	0.000205
IND_BOILER_GAS	438.212355	8.779768	17.000000	0.000000	7.441201	Infinity	0.000000	0.165754	1.000000	0.166774	0.950000	0.067080	91.675602
IND_BOILER_WOOD	0.000722	0.000014	17.000000	0.000000	0.000006	Infinity	0.000000	0.000000	1.000000	0.009608	0.900000	0.067080	0.000181
IND_BOILER_OIL	0.000647	0.000014	17.000000	0.000000	0.000012	Infinity	0.000000	0.000000	1.000000	0.003306	0.950000	0.067080	0.000145
IND_BOILER_COAL	328.871969	6.577401	17.000000	0.000000	2.855287	Infinity	0.000000	0.311780	1.000000	0.817535	0.900000	0.067080	137.567733
IND_BOILER_WASTE	275.606086	5.512089	17.000000	0.000000	2.392829	Infinity	0.000000	0.222549	1.000000	0.696340	0.900000	0.067080	69.080984
IND_DIRECT_ELEC	210.408675	0.954501	15.000000	0.000000	0.633113	Infinity	0.000000	0.007137	1.000000	0.084399	0.950000	0.074944	0.930676
DHN_HP_ELEC	1848.988003	62.697698	25.000000	0.000000	5.363116	Infinity	0.000000	0.605361	1.000000	0.603033	0.950000	0.048263	937.419112
DHN_COGEN_GAS	3390.963229	99.144535	25.000000	0.000000	2.703061	Infinity	0.000000	0.394638	1.000000	0.779986	0.850000	0.048263	1326.878676
DHN_COGEN_WOOD	0.000768	0.000028	25.000000	0.000000	0.000001	Infinity	0.000000	0.000000	1.000000	0.001687	0.850000	0.048263	0.000117
DHN_COGEN_WASTE	0.000819	0.000030	25.000000	0.000000	0.000000	Infinity	0.000000	0.000000	1.000000	0.000486	0.850000	0.048263	0.000181
DHN_COGEN_WET_BIOMASS	0.000691	0.000056	25.000000	0.000000	0.000001	Infinity	0.000000	0.000000	1.000000	0.002297	0.750000	0.048263	0.000515
DHN_COGEN_BIO_HYDROLYSIS	0.000496	0.000024	15.000000	0.000000	0.000000	Infinity	0.000000	0.000000	1.000000	0.000239	0.850000	0.074944	0.000071
DHN_BOILER_GAS	0.000132	0.000003	17.000000	0.000000	0.000002	Infinity	0.000000	0.000000	1.000000	0.001309	0.950000	0.067080	0.000028
DHN_BOILER_WOOD	0.000221	0.000004	17.000000	0.000000	0.000002	Infinity	0.000000	0.000000	1.000000	0.001717	0.900000	0.067080	0.000056
DHN_BOILER_OIL	0.000126	0.000003	17.000000	0.000000	0.000002	Infinity	0.000000	0.000000	1.000000	0.001305	0.950000	0.067080	0.000028
DHN_DEEP_GEO	0.000000	0.000000	30.000000	0.000000	0.000000	0.000000	0.000000	0.000000	1.000000	0.000000	0.850000	0.041639	0.000000
DHN_SOLAR	0.000476	0.000001	30.000000	0.000000	0.000001	Infinity	0.000000	0.000000	1.000000	0.000711	1.000000	0.041639	0.000291
DEC_HP_ELEC	8433.803390	351.645137	18.000000	0.000000	17.140483	Infinity	0.000000	0.881117	1.000000	0.449364	1.000000	0.063806	2826.294287
DEC_THHP_GAS	731.834892	21.389589	20.000000	0.000000	2.318281	Infinity	0.000000	0.118883	1.000000	0.448272	1.000000	0.058246	885.420997
DEC_COGEN_GAS	0.001738	0.000112	20.000000	0.000000	0.000001	Infinity	0.000000	0.000000	1.000000	0.004238	1.000000	0.058246	0.001265
DEC_COGEN_OIL	0.001489	0.000091	20.000000	0.000000	0.000001	Infinity	0.000000	0.000000	1.000000	0.003512	1.000000	0.058246	0.001168
DEC_ADVCOGEN_GAS	0.002047	0.000038	20.000000	0.000000	0.000000	Infinity	0.000000	0.000000	1.000000	0.000984	1.000000	0.058246	0.000620
DEC_ADVCOGEN_H2	0.001205	0.000022	20.000000	0.000000	0.000000	Infinity	0.000000	0.000000	1.000000	0.000265	1.000000	0.058246	0.000365
DEC_BOILER_GAS	0.001051	0.000032	17.000000	0.000000	0.000007	Infinity	0.000000	0.000000	1.000000	0.002443	1.000000	0.067080	0.000140
DEC_BOILER_WOOD	0.001057	0.000037	17.000000	0.000000	0.000002	Infinity	0.000000	0.000000	1.000000	0.003718	1.000000	0.067080	0.000048
DEC_BOILER_OIL	0.000806	0.000048	17.000000	0.000000	0.000006	Infinity	0.000000	0.000000	1.000000	0.002529	1.000000	0.067080	0.000119
DEC_SOLAR	0.007789	0.000086	20.000000	0.000000	0.000011	Infinity	0.000000	0.000000	1.000000	0.005282	1.000000	0.058246	0.002396
DEC_DIRECT_ELEC	0.001359	0.000006	15.000000	0.000000	0.000034	Infinity	0.000000	0.000000	1.000000	0.000947	1.000000	0.074944	0.000050
TRAMWAY_TROLLEY	4725.034496	94.500690	30.000000	0.000000	7.560055	Infinity	0.000000	0.300000	0.300000	0.342470	0.342470	0.041639	0.000000
BUS_COACH_DIESEL	0.000224	0.000011	15.000000	0.000000	0.000000	Infinity	0.000000	0.000000	1.000000	0.001083	0.296800	0.074944	0.000000
BUS_COACH_HYDIESEL	0.000191	0.000008	15.000000	0.000000	0.000000	Infinity	0.000000	0.000000	1.000000	0.000676	0.296800	0.074944	0.000000
BUS_COACH_CNG_STOICH	12438.818988	621.942080	15.000000	0.000000	20.354468	Infinity	0.000000	0.699999	1.000000	0.296800	0.296800	0.074944	0.000000
BUS_COACH_FC_HYBRIDH2	0.000121	0.000005	15.000000	0.000000	0.000000	Infinity	0.000000	0.000000	1.000000	0.000445	0.296800	0.074944	0.000000
BUS_COACH_ELECTRIC	0.000170	0.000007	15.000000	0.000000	0.000000	Infinity	0.000000	0.000000	1.000000	0.000707	0.296800	0.074944	0.000000
TRAIN_PUB	0.046475	0.001677	40.000000	0.000000	0.000031	Infinity	0.000000	0.000001	0.500000	0.084885	0.275070	0.033427	0.000000
CAR_GASOLINE	21014.500004	1200.000000	10.000000	50.000000	50.000000	Infinity	0.000000	0.297614	1.000000	0.051370	0.051370	0.108434	0.000000
CAR_DIESEL	0.000077	0.000004	10.000000	0.000000	0.000000	Infinity	0.000000	0.000000	1.000000	0.000094	0.051370	0.108434	0.000000
CAR_NG	0.000113	0.000006	10.000000	0.000000	0.000000	Infinity	0.000000	0.000000	1.000000	0.000139	0.051370	0.108434	0.000000
CAR_METHANOL	0.000106	0.000006	10.000000	0.000000	0.000000	Infinity	0.000000	0.000000	1.000000	0.000134	0.051370	0.108434	0.000000
CAR_HEV	0.000063	0.000005	10.000000	0.000000	0.000000	Infinity	0.000000	0.000000	1.000000	0.000079	0.051370	0.108434	0.000000
CAR_PHEV	0.029299	0.002183	10.000000	0.000000	0.000064	Infinity	0.000000	0.000000	1.000000	0.020017	0.051370	0.108434	0.000000
CAR_BEV	51193.163328	1180.028198	10.000000	0.000000	118.002820	Infinity	0.000000	0.702386	1.000000	0.051370	0.051370	0.108434	0.000000
CAR_FUEL_CELL	0.000029	0.000000	10.000000	0.000000	0.000000	Infinity	0.000000	0.000000	1.000000	0.000000	0.051370	0.108434	0.000000
TRAIN_FREIGHT	737.033462	14.740046	40.000000	0.000000	7.058355	Infinity	0.000000	1.000000	1.000000	0.342470	0.342470	0.033427	0.000000
BOAT_FREIGHT_DIESEL	0.000368	0.000018	40.000000	0.000000	0.000005	Infinity	0.000000	0.000000	1.000000	0.003793	0.114160	0.033427	0.000000
BOAT_FREIGHT_NG	0.001227	0.000061	40.000000	0.000000	0.000016	Infinity	0.000000	0.000001	1.000000	0.018307	0.114160	0.033427	0.000000
BOAT_FREIGHT_METHANOL	1941.017801	97.049478	40.000000	0.000000	25.409318	Infinity	0.000000	0.999999	1.000000	0.114160	0.114160	0.033427	0.000000
TRUCK_DIESEL	12617.740011	630.888890	15.000000	34.000000	34.000000	Infinity	0.000000	0.723510	1.000000	0.092590	0.092590	0.074944	0.000000
TRUCK_METHANOL	4821.868040	241.094124	15.000000	0.000000	12.993096	Infinity	0.000000	0.276489	1.000000	0.092590	0.092590	0.074944	0.000000
TRUCK_FUEL_CELL	0.000442	0.000011	15.000000	0.000000	0.000001	Infinity	0.000000	0.000000	1.000000	0.000835	0.092590	0.074944	0.000000
TRUCK_ELEC	0.014253	0.000760	15.000000	0.000000	0.000033	Infinity	0.000000	0.000001	1.000000	0.030411	0.092590	0.074944	0.000000
TRUCK_NG	0.002874	0.000144	15.000000	0.000000	0.000008	Infinity	0.000000	0.000000	1.000000	0.007171	0.092590	0.074944	0.000000
HABER_BOSCH	0.000956	0.000019	20.000000	0.000000	0.000001	Infinity	0.000000	1.000000	1.000000	0.005371	1.000000	0.058246	0.000000
SYN_METHANOLATION	0.000620	0.000018	20.000000	0.000000	0.000000	Infinity	0.000000	0.205277	1.000000	0.000492	0.950000	0.058246	0.000000
METHANE_TO_METHANOL	0.000838	0.000037	25.000000	0.000000	0.000001	Infinity	0.000000	0.532387	1.000000	0.001276	0.850000	0.048263	0.000000
BIOMASS_TO_METHANOL	0.000781	0.000012	20.000000	0.000000	0.000000	Infinity	0.000000	0.262337	1.000000	0.000629	1.000000	0.058246	0.000000
OIL_TO_HVC	0.000767	0.000004	20.000000	0.000000	0.000002	Infinity	0.000000	0.000000	1.000000	0.001463	1.000000	0.058246	0.000000
GAS_TO_HVC	0.000647	0.000016	20.000000	0.000000	0.000001	Infinity	0.000000	0.000000	1.000000	0.000739	1.000000	0.058246	0.000000
METHANOL_TO_HVC	3293.142936	296.382864	20.000000	0.000000	4.723383	Infinity	0.000000	1.000000	1.000000	1.000000	1.000000	0.058246	0.000000
ADLIBIO_TO_HVC	0.001193	0.000026	20.000000	0.000000	0.000001	Infinity	0.000000	0.000000	1.000000	0.006056	1.000000	0.058246	0.001244
PHS	294.000005	0.000000	50.000000	5.000000	5.000000	6.500000	0.000000	-1.000000	1.000000	0.020848	1.000000	0.028572	
BATT_LI	0.003602	0.000006	15.000000	0.000000	0.000012	Infinity	0.000000	-1.000000	1.000000	0.002848	1.000000	0.074944	
BEV_BATT	0.000000	0.000000	1.000000	0.000000	117.066290	Infinity	0.000000	-1.000000	1.000000	0.004306	1.000000	1.015000	
PHEV_BATT	0.000000	0.000000	1.000000	0.000000	0.000013	Infinity	0.000000	-1.000000	1.000000	0.000978	1.000000	1.015000	
TS_DEC_DIRECT_ELEC	0.003065	0.000021	20.000000	0.000000	0.000162	Infinity	0.000000	-1.000000	1.000000	0.000636	1.000000	0.058246	
TS_DEC_HP_ELEC	994.090038	6.959296	20.000000	0.000000	52.403270	Infinity	0.000000	-1.000000	1.000000	0.029050	1.000000	0.058246	
TS_DEC_THHP_GAS	72.094060	0.504707	20.000000	0.000000	3.800425	Infinity	0.000000	-1.000000	1.000000	0.045776	1.000000	0.058246	
TS_DEC_COGEN_GAS	0.003069	0.000021	20.000000	0.000000	0.000162	Infinity	0.000000	-1.000000	1.000000	0.000808	1.000000	0.058246	
TS_DEC_COGEN_OIL	0.002905	0.000020	20.000000	0.000000	0.000153	Infinity	0.000000	-1.000000	1.000000	0.000840	1.000000	0.058246	
TS_DEC_ADVCOGEN_GAS	0.003067	0.000021	20.000000	0.000000	0.000162	Infinity	0.000000	-1.000000	1.000000	0.000642	1.000000	0.058246	
TS_DEC_ADVCOGEN_H2	0.003033	0.000021	20.000000	0.000000	0.000160	Infinity	0.000000	-1.000000	1.000000	0.000298	1.000000	0.058246	
TS_DEC_BOILER_GAS	0.003058	0.000021	20.000000	0.000000	0.000161	Infinity	0.000000	-1.000000	1.000000	0.000807	1.000000	0.058246	
TS_DEC_BOILER_WOOD	0.003056	0.000021	20.000000	0.000000	0.000161	Infinity	0.000000	-1.000000	1.000000	0.000834	1.000000	0.058246	
TS_DEC_BOILER_OIL	0.003062	0.000021	20.000000	0.000000	0.000161	Infinity	0.000000	-1.000000	1.000000	0.000775	1.000000	0.058246	
TS_DHN_DAILY	0.005543	0.000016	40.000000	0.000000	0.001848	Infinity	0.000000	-1.000000	1.000000	0.001193	1.000000	0.033427	
TS_DHN_SEASONAL	331.815339	1.817815	25.000000	0.000000	614.472851	Infinity	0.000000	-1.000000	1.000000	0.001494	1.000000	0.048263	
TS_HIGH_TEMP	84.221028	0.901402	25.000000	0.000000	3.004675	Infinity	0.000000	-1.000000	1.000000	0.040473	1.000000	0.048263	
GAS_STORAGE	51.757826	1.355190	50.000000	0.000000	1035.156529	Infinity	0.000000	-1.000000	1.000000	0.000258	1.000000	0.028572	
H2_STORAGE	0.095440	0.006013	20.000000	0.000000	0.015418	Infinity	0.000000	-1.000000	1.000000	0.006432	1.000000	0.058246	
DIESEL_STORAGE	0.019641	0.000780	20.000000	0.000000	1.964098	Infinity	0.000000	-1.000000	1.000000	0.000015	1.000000	0.058246	
GASOLINE_STORAGE	2.569590	0.102013	20.000000	0.000000	256.958955	Infinity	0.000000	-1.000000	1.000000	0.001639	1.000000	0.058246	
LFO_STORAGE	0.021807	0.000866	20.000000	0.000000	2.180685	Infinity	0.000000	-1.000000	1.000000	0.000000	1.000000	0.058246	
AMMONIA_STORAGE	0.000125	0.000005	20.000000	0.000000	0.012520	Infinity	0.000000	-1.000000	1.000000	0.000010	1.000000	0.058246	
METHANOL_STORAGE	0.000004	0.000000	20.000000	0.000000	0.000404	Infinity	0.000000	-1.000000	1.000000	0.000001	1.000000	0.058246	
CO2_STORAGE	0.065038	0.000650	30.000000	0.000000	0.001314	Infinity	0.000000	-1.000000	1.000000	0.000005	1.000000	0.041639	
ADLIBIO_TO_FUEL	911.030097	16.635072	20.000000	0.000000	1.299615	Infinity	0.000000	-1.000000	1.000000	0.981852	1.000000	0.058246	
AMMONIA_TO_H2	0.000383	0.000035	25.000000	0.000000	0.000001	Infinity	0.000000	-1.000000	1.000000	0.000511	0.860000	0.048263	
ATM_CCS	0.000928	0.000023	40.000000	0.000000	0.000000	Infinity	0.000000	-1.000000	1.000000	0.000187	1.000000	0.033427	
BIO_HYDROLYSIS	3517.875087	239.850991	15.000000	0.000000	2.209845	Infinity	0.000000	-1.000000	1.000000	0.850000	0.850000	0.074944	
BIOMETHANATION	0.026919	0.000373	20.000000	0.000000	0.000027	Infinity	0.000000	-1.000000	1.000000	0.149235	0.850000	0.058246	
DHN	6661.703104	0.000000	60.000000	0.000000	8.066188	Infinity	0.000000	-1.000000	1.000000	0.000000	1.000000	0.025393	
EFFICIENCY	5517.241379	0.000000	1.000000	0.000000	0.985222	Infinity	0.000000	-1.000000	1.000000	0.000000	1.000000	1.015000	
GASIFICATION_SNG	0.000731	0.000052	25.000000	0.000000	0.000000	Infinity	0.000000	-1.000000	1.000000	0.001262	0.850000	0.048263	
GRID	94632.602766	0.000000	80.000000	0.000000	1.263131	Infinity	0.000000	-1.000000	1.000000	0.000000	1.000000	0.021548	
H2_BIOMASS	682.201816	48.060319	25.000000	0.000000	0.270137	Infinity	0.000000	-1.000000	1.000000	0.860000	0.860000	0.048263	
H2_ELECTROLYSIS	0.002579	0.000071	15.000000	0.000000	0.000004	Infinity	0.000000	-1.000000	1.000000	0.005784	0.900000	0.074944	
INDUSTRY_CCS	0.001050	0.000026	40.000000	0.000000	0.000000	Infinity	0.000000	-1.000000	1.000000	0.000187	1.000000	0.033427	
REDIFUEL	0.000749	0.000020	20.000000	0.000000	0.000000	Infinity	0.000000	-1.000000	1.000000	0.000317	1.000000	0.058246	
SMR	28.141555	2.596945	25.000000	0.000000	0.041309	Infinity	0.000000	-1.000000	1.000000	0.520624	0.860000	0.048263	
SYN_METHANATION	0.000219	0.000056	40.000000	0.000000	0.000001	Infinity	0.000000	-1.000000	1.000000	0.001097	1.000000	0.033427	