Name	C_inv	C_maint	C_op
NUCLEAR	0.000000	0.000000	0.000000
CCGT	0.000171	0.000090	0.000000
CCGT_AMMONIA	0.000020	0.000010	0.000000
COAL_US	0.000000	0.000000	0.000000
COAL_IGCC	0.000000	0.000000	0.000000
PV	1567.540070	370.910630	0.000000
WIND_ONSHORE	433.047558	120.960000	0.000000
WIND_OFFSHORE	1242.837330	207.666000	0.000000
HYDRO_RIVER	19.393261	5.801152	0.000000
GEOTHERMAL	0.000000	0.000000	0.000000
IND_COGEN_GAS	111.279362	148.206006	0.000000
IND_COGEN_WOOD	0.000050	0.000038	0.000000
IND_COGEN_WASTE	0.000022	0.000017	0.000000
IND_BOILER_GAS	27.478754	8.207381	0.000000
IND_BOILER_WOOD	0.000026	0.000008	0.000000
IND_BOILER_OIL	0.000018	0.000006	0.000000
IND_BOILER_COAL	25.221604	7.519852	0.000000
IND_BOILER_WASTE	17.823631	5.314138	0.000000
IND_DIRECT_ELEC	25.944470	1.570430	0.000000
DHN_HP_ELEC	79.111587	55.582644	0.000000
DHN_COGEN_GAS	203.884136	123.512450	0.000000
DHN_COGEN_WOOD	0.000018	0.000014	0.000000
DHN_COGEN_WASTE	0.000020	0.000015	0.000000
DHN_COGEN_WET_BIOMASS	0.000019	0.000032	0.000000
DHN_COGEN_BIO_HYDROLYSIS	0.000025	0.000016	0.000000
DHN_BOILER_GAS	0.000004	0.000001	0.000000
DHN_BOILER_WOOD	0.000008	0.000002	0.000000
DHN_BOILER_OIL	0.000004	0.000001	0.000000
DHN_DEEP_GEO	0.000000	0.000000	0.000000
DHN_SOLAR	0.000013	0.000000	0.000000
DEC_HP_ELEC	552.801907	361.235682	0.000000
DEC_THHP_GAS	34.030755	17.076418	0.000000
DEC_COGEN_GAS	0.000056	0.000062	0.000000
DEC_COGEN_OIL	0.000044	0.000047	0.000000
DEC_ADVCOGEN_GAS	0.000081	0.000026	0.000000
DEC_ADVCOGEN_H2	0.000058	0.000019	0.000000
DEC_BOILER_GAS	0.000034	0.000015	0.000000
DEC_BOILER_WOOD	0.000038	0.000020	0.000000
DEC_BOILER_OIL	0.000025	0.000023	0.000000
DEC_SOLAR	0.000249	0.000047	0.000000
DEC_DIRECT_ELEC	0.000035	0.000002	0.000000
TRAMWAY_TROLLEY	196.746601	94.500690	0.000000
BUS_COACH_DIESEL	0.000006	0.000004	0.000000
BUS_COACH_HYDIESEL	0.000005	0.000002	0.000000
BUS_COACH_CNG_STOICH	932.220589	621.942958	0.000000
BUS_COACH_FC_HYBRIDH2	0.000005	0.000003	0.000000
BUS_COACH_ELECTRIC	0.000013	0.000008	0.000000
TRAIN_PUB	0.000019	0.000021	0.000000
CAR_GASOLINE	2278.690031	1200.000000	0.000000
CAR_DIESEL	0.000004	0.000002	0.000000
CAR_NG	0.000006	0.000003	0.000000
CAR_METHANOL	0.000006	0.000003	0.000000
CAR_HEV	0.000004	0.000003	0.000000
CAR_PHEV	0.001729	0.001188	0.000000
CAR_BEV	5551.089383	1180.028369	0.000000
CAR_FUEL_CELL	0.000002	0.000000	0.000000
TRAIN_FREIGHT	24.636892	14.740046	0.000000
BOAT_FREIGHT_DIESEL	0.000004	0.000007	0.000000
BOAT_FREIGHT_NG	0.000000	0.000001	0.000000
BOAT_FREIGHT_METHANOL	64.882643	97.049544	0.000000
TRUCK_DIESEL	945.628395	630.888889	0.000000
TRUCK_METHANOL	361.372449	241.094561	0.000000
TRUCK_FUEL_CELL	0.000002	0.000001	0.000000
TRUCK_ELEC	0.000721	0.000513	0.000000
TRUCK_NG	0.000097	0.000064	0.000000
HABER_BOSCH	0.000054	0.000018	0.000000
SYN_METHANOLATION	0.000030	0.000014	0.000000
METHANE_TO_METHANOL	0.000021	0.000019	0.000000
BIOMASS_TO_METHANOL	0.000035	0.000009	0.000000
OIL_TO_HVC	0.000034	0.000003	0.000000
GAS_TO_HVC	0.000030	0.000013	0.000000
METHANOL_TO_HVC	191.811540	296.382874	0.000000
ADLIBIO_TO_HVC	0.000044	0.000016	0.000000
PHS	8.400092	0.000000	0.000000
BATT_LI	0.000197	0.000004	0.000000
BEV_BATT	0.000000	0.000000	0.000000
PHEV_BATT	0.000000	0.000000	0.000000
TS_DEC_DIRECT_ELEC	0.000087	0.000010	0.000000
TS_DEC_HP_ELEC	59.480675	7.149099	0.000000
TS_DEC_THHP_GAS	3.271299	0.393184	0.000000
TS_DEC_COGEN_GAS	0.000087	0.000010	0.000000
TS_DEC_COGEN_OIL	0.000093	0.000011	0.000000
TS_DEC_ADVCOGEN_GAS	0.000087	0.000010	0.000000
TS_DEC_ADVCOGEN_H2	0.000086	0.000010	0.000000
TS_DEC_BOILER_GAS	0.000087	0.000010	0.000000
TS_DEC_BOILER_WOOD	0.000087	0.000010	0.000000
TS_DEC_BOILER_OIL	0.000087	0.000010	0.000000
TS_DHN_DAILY	0.000088	0.000008	0.000000
TS_DHN_SEASONAL	13.800764	1.566527	0.000000
TS_HIGH_TEMP	2.130009	0.472347	0.000000
GAS_STORAGE	1.850429	1.695746	0.000000
H2_STORAGE	0.699197	0.756327	0.000000
DIESEL_STORAGE	0.000640	0.000436	0.000000
GASOLINE_STORAGE	0.158642	0.108130	0.000000
LFO_STORAGE	0.000687	0.000468	0.000000
AMMONIA_STORAGE	0.000003	0.000002	0.000000
METHANOL_STORAGE	0.000000	0.000000	0.000000
CO2_STORAGE	0.001067	0.000256	0.000000
ADLIBIO_TO_FUEL	54.381913	17.048348	0.000000
AMMONIA_TO_H2	0.000012	0.000023	0.000000
ATM_CCS	0.000020	0.000015	0.000000
BIO_HYDROLYSIS	263.645736	239.851768	0.000000
BIOMETHANATION	0.001054	0.000251	0.000000
DHN	170.332479	0.000000	0.000000
EFFICIENCY	5600.000000	0.000000	0.000000
GASIFICATION_SNG	0.000021	0.000031	0.000000
GRID	2037.061273	0.000000	0.000000
H2_BIOMASS	32.925547	48.060510	0.000000
H2_ELECTROLYSIS	0.000070	0.000026	0.000000
INDUSTRY_CCS	0.000016	0.000012	0.000000
REDIFUEL	0.000025	0.000011	0.000000
SMR	0.084767	0.162078	0.000000
SYN_METHANATION	0.000003	0.000026	0.000000
AMMONIA	0.000000	0.000000	0.000034
AMMONIA_RE_BE	0.000000	0.000000	0.000000
AMMONIA_RE_IMPORT	0.000000	0.000000	1118.735928
BIODIESEL	0.000000	0.000000	0.000039
BIODIESEL_BE	0.000000	0.000000	0.000000
BIOETHANOL	0.000000	0.000000	0.000027
CO2_ATM	0.000000	0.000000	0.000000
CO2_CAPTURED	0.000000	0.000000	0.000000
CO2_EMISSIONS	0.000000	0.000000	0.000000
CO2_INDUSTRY	0.000000	0.000000	0.000000
COAL	0.000000	0.000000	445.964101
DIESEL	0.000000	0.000000	897.338415
ELEC_EXPORT	0.000000	0.000000	0.000000
ELECTRICITY	0.000000	0.000000	1756.919890
GAS	0.000000	0.000000	4374.484052
GAS_RE_BE	0.000000	0.000000	0.000000
GAS_RE_IMPORT	0.000000	0.000000	0.000000
GASOLINE	0.000000	0.000000	0.000059
H2	0.000000	0.000000	0.000001
H2_RE_BE	0.000000	0.000000	0.000000
H2_RE_IMPORT	0.000000	0.000000	483.033772
LFO	0.000000	0.000000	0.000446
LFO_RE_BE	0.000000	0.000000	0.000000
METHANOL	0.000000	0.000000	2115.845895
METHANOL_RE_BE	0.000000	0.000000	0.000000
METHANOL_RE_IMPORT	0.000000	0.000000	0.000051
RES_GEO	0.000000	0.000000	0.000000
RES_HYDRO	0.000000	0.000000	0.000000
RES_SOLAR	0.000000	0.000000	0.000000
RES_WIND	0.000000	0.000000	0.000000
URANIUM	0.000000	0.000000	0.000000
WASTE	0.000000	0.000000	377.143445
WET_BIOMASS	0.000000	0.000000	205.595173
WOOD	0.000000	0.000000	767.519998
WOOD_PRODUCTION	0.000000	0.000000	0.000174
