TECHNOLOGIES	 c_inv	 c_maint	 lifetime	  f_min	 f	 f_max	 fmin_perc	f_perc	 fmax_perc	 c_p	 c_p_max	 tau	 gwp_constr
 UNITS	[M€/GW]	 [M€/GW/y]	 [y]	 [GW or GWh]	 [GW or GWh]	 [GW or GWh]	 [0-1]	 [0-1]	 [0-1]	 [0-1]	 [0-1]	 [-]	 [ktCO2-eq./GW or GWh]
NUCLEAR	0.000000	0.000000	60.000000	0.000000	0.000000	0.000000	0.000000	0.000000	1.000000	0.000000	0.849000	0.025393	0.000000
CCGT	0.002177	0.000055	25.000000	0.000000	0.000003	Infinity	0.000000	0.000000	1.000000	0.007290	0.961540	0.048263	0.000518
CCGT_AMMONIA	0.000301	0.000008	25.000000	0.000000	0.000000	Infinity	0.000000	0.000000	1.000000	0.000268	0.630000	0.048263	0.000072
COAL_US	0.000000	0.000000	35.000000	0.000000	0.000000	0.000000	0.000000	0.000000	1.000000	0.000000	0.868000	0.036934	0.000000
COAL_IGCC	0.000000	0.000000	35.000000	0.000000	0.000000	0.000000	0.000000	0.000000	1.000000	0.000000	0.856000	0.036934	0.000000
PV	45074.599436	514.755390	25.000000	0.000000	51.809884	59.200000	0.000000	0.571674	1.000000	0.115133	1.000000	0.048263	107838.647706
WIND_ONSHORE	10400.000000	120.960000	30.000000	0.000000	10.000000	10.000000	0.000000	0.213381	1.000000	0.222648	1.000000	0.041639	6228.500000
WIND_OFFSHORE	29847.779374	207.665996	30.000000	0.000000	6.000000	6.000000	0.000000	0.209939	1.000000	0.365095	1.000000	0.041639	3737.099922
HYDRO_RIVER	580.165798	5.801152	40.000000	0.000000	0.115000	0.115000	0.000000	0.005005	1.000000	0.454109	1.000000	0.033427	145.224300
GEOTHERMAL	0.000000	0.000000	30.000000	0.000000	0.000000	0.000000	0.000000	0.000000	1.000000	0.000000	0.950000	0.041639	0.000000
IND_COGEN_GAS	3546.667894	227.976509	25.000000	0.000000	2.518887	Infinity	0.000000	0.405741	1.000000	0.850000	0.850000	0.048263	2580.145918
IND_COGEN_WOOD	0.000396	0.000014	25.000000	0.000000	0.000000	Infinity	0.000000	0.000000	1.000000	0.001163	0.850000	0.048263	0.000061
IND_COGEN_WASTE	0.000295	0.000011	25.000000	0.000000	0.000000	Infinity	0.000000	0.000000	1.000000	0.000156	0.850000	0.048263	0.000065
IND_BOILER_GAS	417.111132	8.356996	17.000000	0.000000	7.082886	Infinity	0.000000	0.240148	1.000000	0.178915	0.950000	0.067080	87.261150
IND_BOILER_WOOD	0.000255	0.000005	17.000000	0.000000	0.000002	Infinity	0.000000	0.000000	1.000000	0.001012	0.900000	0.067080	0.000064
IND_BOILER_OIL	0.000213	0.000005	17.000000	0.000000	0.000004	Infinity	0.000000	0.000000	1.000000	0.001296	0.950000	0.067080	0.000048
IND_BOILER_COAL	0.000285	0.000006	17.000000	0.000000	0.000002	Infinity	0.000000	0.000000	1.000000	0.001868	0.900000	0.067080	0.000119
IND_BOILER_WASTE	287.588848	5.751743	17.000000	0.000000	2.496864	Infinity	0.000000	0.250083	1.000000	0.528527	0.900000	0.067080	72.084477
IND_DIRECT_ELEC	1388.129133	6.297128	15.000000	0.000000	4.176834	Infinity	0.000000	0.104028	1.000000	0.131426	0.950000	0.074944	6.139947
DHN_HP_ELEC	1836.022596	62.258052	25.000000	0.000000	5.325509	Infinity	0.000000	0.583843	1.000000	0.585781	0.950000	0.048263	930.845776
DHN_COGEN_GAS	3659.068605	106.983365	25.000000	0.000000	2.916778	Infinity	0.000000	0.416157	1.000000	0.762350	0.850000	0.048263	1431.787895
DHN_COGEN_WOOD	0.000248	0.000009	25.000000	0.000000	0.000000	Infinity	0.000000	0.000000	1.000000	0.000360	0.850000	0.048263	0.000038
DHN_COGEN_WASTE	0.000266	0.000010	25.000000	0.000000	0.000000	Infinity	0.000000	0.000000	1.000000	0.000130	0.850000	0.048263	0.000059
DHN_COGEN_WET_BIOMASS	0.000237	0.000019	25.000000	0.000000	0.000000	Infinity	0.000000	0.000000	1.000000	0.000418	0.750000	0.048263	0.000177
DHN_COGEN_BIO_HYDROLYSIS	0.000200	0.000010	15.000000	0.000000	0.000000	Infinity	0.000000	0.000000	1.000000	0.000079	0.850000	0.074944	0.000029
DHN_BOILER_GAS	0.000052	0.000001	17.000000	0.000000	0.000001	Infinity	0.000000	0.000000	1.000000	0.000838	0.950000	0.067080	0.000011
DHN_BOILER_WOOD	0.000084	0.000002	17.000000	0.000000	0.000001	Infinity	0.000000	0.000000	1.000000	0.000460	0.900000	0.067080	0.000021
DHN_BOILER_OIL	0.000046	0.000001	17.000000	0.000000	0.000001	Infinity	0.000000	0.000000	1.000000	0.000495	0.950000	0.067080	0.000010
DHN_DEEP_GEO	0.000000	0.000000	30.000000	0.000000	0.000000	0.000000	0.000000	0.000000	1.000000	0.000000	0.850000	0.041639	0.000000
DHN_SOLAR	0.000240	0.000000	30.000000	0.000000	0.000001	Infinity	0.000000	0.000000	1.000000	0.000353	1.000000	0.041639	0.000147
DEC_HP_ELEC	9617.370572	400.993649	18.000000	0.000000	19.545912	Infinity	0.000000	0.999999	1.000000	0.449860	1.000000	0.063806	3222.925440
DEC_THHP_GAS	0.007024	0.000205	20.000000	0.000000	0.000022	Infinity	0.000000	0.000001	1.000000	0.097839	1.000000	0.058246	0.008499
DEC_COGEN_GAS	0.000657	0.000042	20.000000	0.000000	0.000000	Infinity	0.000000	0.000000	1.000000	0.001512	1.000000	0.058246	0.000478
DEC_COGEN_OIL	0.000497	0.000031	20.000000	0.000000	0.000000	Infinity	0.000000	0.000000	1.000000	0.000971	1.000000	0.058246	0.000390
DEC_ADVCOGEN_GAS	0.001044	0.000019	20.000000	0.000000	0.000000	Infinity	0.000000	0.000000	1.000000	0.000514	1.000000	0.058246	0.000316
DEC_ADVCOGEN_H2	0.001018	0.000019	20.000000	0.000000	0.000000	Infinity	0.000000	0.000000	1.000000	0.000478	1.000000	0.058246	0.000308
DEC_BOILER_GAS	0.000381	0.000011	17.000000	0.000000	0.000002	Infinity	0.000000	0.000000	1.000000	0.001113	1.000000	0.067080	0.000051
DEC_BOILER_WOOD	0.000435	0.000015	17.000000	0.000000	0.000001	Infinity	0.000000	0.000000	1.000000	0.000656	1.000000	0.067080	0.000020
DEC_BOILER_OIL	0.000275	0.000016	17.000000	0.000000	0.000002	Infinity	0.000000	0.000000	1.000000	0.000850	1.000000	0.067080	0.000041
DEC_SOLAR	0.003309	0.000037	20.000000	0.000000	0.000005	Infinity	0.000000	0.000000	1.000000	0.002302	1.000000	0.058246	0.001018
DEC_DIRECT_ELEC	0.000388	0.000002	15.000000	0.000000	0.000010	Infinity	0.000000	0.000000	1.000000	0.000348	1.000000	0.074944	0.000014
TRAMWAY_TROLLEY	4725.034445	94.500689	30.000000	0.000000	7.560055	Infinity	0.000000	0.300000	0.300000	0.342470	0.342470	0.041639	0.000000
BUS_COACH_DIESEL	0.000101	0.000005	15.000000	0.000000	0.000000	Infinity	0.000000	0.000000	1.000000	0.000486	0.296800	0.074944	0.000000
BUS_COACH_HYDIESEL	0.000119	0.000005	15.000000	0.000000	0.000000	Infinity	0.000000	0.000000	1.000000	0.000424	0.296800	0.074944	0.000000
BUS_COACH_CNG_STOICH	3553.930961	177.696871	15.000000	0.000000	5.815534	Infinity	0.000000	0.199999	1.000000	0.296800	0.296800	0.074944	0.000000
BUS_COACH_FC_HYBRIDH2	0.000228	0.000009	15.000000	0.000000	0.000000	Infinity	0.000000	0.000000	1.000000	0.000833	0.296800	0.074944	0.000000
BUS_COACH_ELECTRIC	0.026009	0.001137	15.000000	0.000000	0.000036	Infinity	0.000000	0.000001	1.000000	0.108027	0.296800	0.074944	0.000000
TRAIN_PUB	23625.649091	852.657324	40.000000	0.000000	15.687474	Infinity	0.000000	0.500000	0.500000	0.275070	0.275070	0.033427	0.000000
CAR_GASOLINE	21014.500003	1200.000000	10.000000	50.000000	50.000000	Infinity	0.000000	0.297614	1.000000	0.051370	0.051370	0.108434	0.000000
CAR_DIESEL	0.000027	0.000002	10.000000	0.000000	0.000000	Infinity	0.000000	0.000000	1.000000	0.000032	0.051370	0.108434	0.000000
CAR_NG	0.000041	0.000002	10.000000	0.000000	0.000000	Infinity	0.000000	0.000000	1.000000	0.000049	0.051370	0.108434	0.000000
CAR_METHANOL	0.000032	0.000002	10.000000	0.000000	0.000000	Infinity	0.000000	0.000000	1.000000	0.000038	0.051370	0.108434	0.000000
CAR_HEV	0.000022	0.000002	10.000000	0.000000	0.000000	Infinity	0.000000	0.000000	1.000000	0.000026	0.051370	0.108434	0.000000
CAR_PHEV	0.012068	0.000899	10.000000	0.000000	0.000026	Infinity	0.000000	0.000000	1.000000	0.007775	0.051370	0.108434	0.000000
CAR_BEV	51193.174244	1180.028450	10.000000	0.000000	118.002845	Infinity	0.000000	0.702386	1.000000	0.051370	0.051370	0.108434	0.000000
CAR_FUEL_CELL	0.000009	0.000000	10.000000	0.000000	0.000000	Infinity	0.000000	0.000000	1.000000	0.000000	0.051370	0.108434	0.000000
TRAIN_FREIGHT	737.033460	14.740046	40.000000	0.000000	7.058355	Infinity	0.000000	1.000000	1.000000	0.342470	0.342470	0.033427	0.000000
BOAT_FREIGHT_DIESEL	0.000259	0.000013	40.000000	0.000000	0.000003	Infinity	0.000000	0.000000	1.000000	0.003856	0.114160	0.033427	0.000000
BOAT_FREIGHT_NG	0.000023	0.000001	40.000000	0.000000	0.000000	Infinity	0.000000	0.000000	1.000000	0.000334	0.114160	0.033427	0.000000
BOAT_FREIGHT_METHANOL	1941.018979	97.049537	40.000000	0.000000	25.409333	Infinity	0.000000	1.000000	1.000000	0.114160	0.114160	0.033427	0.000000
TRUCK_DIESEL	12617.740004	630.888889	15.000000	34.000000	34.000000	Infinity	0.000000	0.723510	1.000000	0.092590	0.092590	0.074944	0.000000
TRUCK_METHANOL	0.000017	0.000001	15.000000	0.000000	0.000000	Infinity	0.000000	0.000000	1.000000	0.000040	0.092590	0.074944	0.000000
TRUCK_FUEL_CELL	0.015570	0.000383	15.000000	0.000000	0.000032	Infinity	0.000000	0.000001	1.000000	0.029366	0.092590	0.074944	0.000000
TRUCK_ELEC	5638.228280	300.573845	15.000000	0.000000	12.993106	Infinity	0.000000	0.276489	1.000000	0.092590	0.092590	0.074944	0.000000
TRUCK_NG	0.000012	0.000001	15.000000	0.000000	0.000000	Infinity	0.000000	0.000000	1.000000	0.000029	0.092590	0.074944	0.000000
HABER_BOSCH	0.001272	0.000025	20.000000	0.000000	0.000002	Infinity	0.000000	1.000000	1.000000	0.007712	1.000000	0.058246	0.000000
SYN_METHANOLATION	0.000368	0.000010	20.000000	0.000000	0.000000	Infinity	0.000000	0.183884	1.000000	0.000409	0.950000	0.058246	0.000000
METHANE_TO_METHANOL	0.000652	0.000029	25.000000	0.000000	0.000001	Infinity	0.000000	0.713508	1.000000	0.001588	0.850000	0.048263	0.000000
BIOMASS_TO_METHANOL	0.000390	0.000006	20.000000	0.000000	0.000000	Infinity	0.000000	0.102608	1.000000	0.000228	1.000000	0.058246	0.000000
OIL_TO_HVC	0.000849	0.000005	20.000000	0.000000	0.000002	Infinity	0.000000	0.000000	1.000000	0.002689	1.000000	0.058246	0.000000
GAS_TO_HVC	534.647021	13.366161	20.000000	0.000000	0.670320	Infinity	0.000000	0.014892	1.000000	0.104938	1.000000	0.058246	0.000000
METHANOL_TO_HVC	2407.558742	216.680287	20.000000	0.000000	3.453182	Infinity	0.000000	0.717287	1.000000	0.981130	1.000000	0.058246	0.000000
ADLIBIO_TO_HVC	1250.343745	27.175418	20.000000	0.000000	1.372496	Infinity	0.000000	0.267821	1.000000	0.921694	1.000000	0.058246	1303.459335
PHS	294.000077	0.000000	50.000000	5.000000	5.000001	6.500000	0.000000	-1.000000	1.000000	0.021157	1.000000	0.028572	
BATT_LI	0.004252	0.000007	15.000000	0.000000	0.000014	Infinity	0.000000	-1.000000	1.000000	0.003845	1.000000	0.074944	
BEV_BATT	0.000000	0.000000	1.000000	0.000000	117.066314	Infinity	0.000000	-1.000000	1.000000	0.004455	1.000000	1.015000	
PHEV_BATT	0.000000	0.000000	1.000000	0.000000	0.000005	Infinity	0.000000	-1.000000	1.000000	0.000378	1.000000	1.015000	
TS_DEC_DIRECT_ELEC	0.001065	0.000007	20.000000	0.000000	0.000056	Infinity	0.000000	-1.000000	1.000000	0.000423	1.000000	0.058246	
TS_DEC_HP_ELEC	1286.063277	9.003304	20.000000	0.000000	67.794585	Infinity	0.000000	-1.000000	1.000000	0.032091	1.000000	0.058246	
TS_DEC_THHP_GAS	0.001340	0.000009	20.000000	0.000000	0.000071	Infinity	0.000000	-1.000000	1.000000	0.021750	1.000000	0.058246	
TS_DEC_COGEN_GAS	0.001059	0.000007	20.000000	0.000000	0.000056	Infinity	0.000000	-1.000000	1.000000	0.000458	1.000000	0.058246	
TS_DEC_COGEN_OIL	0.001059	0.000007	20.000000	0.000000	0.000056	Infinity	0.000000	-1.000000	1.000000	0.000442	1.000000	0.058246	
TS_DEC_ADVCOGEN_GAS	0.001062	0.000007	20.000000	0.000000	0.000056	Infinity	0.000000	-1.000000	1.000000	0.000358	1.000000	0.058246	
TS_DEC_ADVCOGEN_H2	0.001059	0.000007	20.000000	0.000000	0.000056	Infinity	0.000000	-1.000000	1.000000	0.000335	1.000000	0.058246	
TS_DEC_BOILER_GAS	0.001060	0.000007	20.000000	0.000000	0.000056	Infinity	0.000000	-1.000000	1.000000	0.000784	1.000000	0.058246	
TS_DEC_BOILER_WOOD	0.001061	0.000007	20.000000	0.000000	0.000056	Infinity	0.000000	-1.000000	1.000000	0.000419	1.000000	0.058246	
TS_DEC_BOILER_OIL	0.001061	0.000007	20.000000	0.000000	0.000056	Infinity	0.000000	-1.000000	1.000000	0.000441	1.000000	0.058246	
TS_DHN_DAILY	0.002662	0.000008	40.000000	0.000000	0.000887	Infinity	0.000000	-1.000000	1.000000	0.001015	1.000000	0.033427	
TS_DHN_SEASONAL	346.533502	1.898447	25.000000	0.000000	641.728708	Infinity	0.000000	-1.000000	1.000000	0.001481	1.000000	0.048263	
TS_HIGH_TEMP	1131.331540	12.108436	25.000000	0.000000	40.361453	Infinity	0.000000	-1.000000	1.000000	0.019369	1.000000	0.048263	
GAS_STORAGE	20.890377	0.546979	50.000000	0.000000	417.807547	Infinity	0.000000	-1.000000	1.000000	0.000259	1.000000	0.028572	
H2_STORAGE	0.375168	0.023637	20.000000	0.000000	0.060609	Infinity	0.000000	-1.000000	1.000000	0.008553	1.000000	0.058246	
DIESEL_STORAGE	0.007585	0.000301	20.000000	0.000000	0.758474	Infinity	0.000000	-1.000000	1.000000	0.000017	1.000000	0.058246	
GASOLINE_STORAGE	0.007618	0.000302	20.000000	0.000000	0.761803	Infinity	0.000000	-1.000000	1.000000	0.000166	1.000000	0.058246	
LFO_STORAGE	0.007441	0.000295	20.000000	0.000000	0.744113	Infinity	0.000000	-1.000000	1.000000	0.000000	1.000000	0.058246	
AMMONIA_STORAGE	0.000013	0.000001	20.000000	0.000000	0.001333	Infinity	0.000000	-1.000000	1.000000	0.000067	1.000000	0.058246	
METHANOL_STORAGE	0.000000	0.000000	20.000000	0.000000	0.000046	Infinity	0.000000	-1.000000	1.000000	0.000023	1.000000	0.058246	
CO2_STORAGE	0.018338	0.000183	30.000000	0.000000	0.000370	Infinity	0.000000	-1.000000	1.000000	0.000020	1.000000	0.041639	
ADLIBIO_TO_FUEL	0.000416	0.000008	20.000000	0.000000	0.000001	Infinity	0.000000	-1.000000	1.000000	0.000583	1.000000	0.058246	
AMMONIA_TO_H2	0.000158	0.000015	25.000000	0.000000	0.000000	Infinity	0.000000	-1.000000	1.000000	0.000194	0.860000	0.048263	
ATM_CCS	0.000462	0.000011	40.000000	0.000000	0.000000	Infinity	0.000000	-1.000000	1.000000	0.000149	1.000000	0.033427	
BIO_HYDROLYSIS	4162.162823	283.778944	15.000000	0.000000	2.614572	Infinity	0.000000	-1.000000	1.000000	0.718430	0.850000	0.074944	
BIOMETHANATION	0.004124	0.000057	20.000000	0.000000	0.000004	Infinity	0.000000	-1.000000	1.000000	0.019382	0.850000	0.058246	
DHN	6807.143513	0.000000	60.000000	0.000000	8.242291	Infinity	0.000000	-1.000000	1.000000	0.000000	1.000000	0.025393	
EFFICIENCY	5517.241379	0.000000	1.000000	0.000000	0.985222	Infinity	0.000000	-1.000000	1.000000	0.000000	1.000000	1.015000	
GASIFICATION_SNG	0.000274	0.000019	25.000000	0.000000	0.000000	Infinity	0.000000	-1.000000	1.000000	0.000386	0.850000	0.048263	
GRID	99859.535439	0.000000	80.000000	0.000000	1.332899	Infinity	0.000000	-1.000000	1.000000	0.000000	1.000000	0.021548	
H2_BIOMASS	2414.349181	170.088072	25.000000	0.000000	0.956030	Infinity	0.000000	-1.000000	1.000000	0.860000	0.860000	0.048263	
H2_ELECTROLYSIS	0.001756	0.000048	15.000000	0.000000	0.000003	Infinity	0.000000	-1.000000	1.000000	0.004461	0.900000	0.074944	
INDUSTRY_CCS	0.000395	0.000010	40.000000	0.000000	0.000000	Infinity	0.000000	-1.000000	1.000000	0.000129	1.000000	0.033427	
REDIFUEL	0.000338	0.000009	20.000000	0.000000	0.000000	Infinity	0.000000	-1.000000	1.000000	0.000105	1.000000	0.058246	
SMR	0.000413	0.000038	25.000000	0.000000	0.000001	Infinity	0.000000	-1.000000	1.000000	0.002209	0.860000	0.048263	
SYN_METHANATION	0.000091	0.000023	40.000000	0.000000	0.000000	Infinity	0.000000	-1.000000	1.000000	0.000821	1.000000	0.033427	