Name	Crit_2_tech	Crit_2_res	Crit_2_op
NUCLEAR	0.000000	0.000000	0.000000
CCGT	0.000212	0.000000	0.000026
CCGT_AMMONIA	0.000037	0.000000	0.000001
COAL_US	0.000000	0.000000	0.000000
COAL_IGCC	0.000000	0.000000	0.000000
PV	12454.466869	0.000000	0.000000
WIND_ONSHORE	3347.582880	0.000000	84.411211
WIND_OFFSHORE	1078.850421	0.000000	120.066087
HYDRO_RIVER	36.234859	0.000000	-7.424057
GEOTHERMAL	0.000000	0.000000	0.000000
IND_COGEN_GAS	254.552250	0.000000	402.067656
IND_COGEN_WOOD	0.000039	0.000000	0.000004
IND_COGEN_WASTE	0.000029	0.000000	0.000007
IND_BOILER_GAS	24.361305	0.000000	0.000000
IND_BOILER_WOOD	0.000174	0.000000	0.000001
IND_BOILER_OIL	0.000013	0.000000	0.000000
IND_BOILER_COAL	0.000466	0.000000	0.000022
IND_BOILER_WASTE	207.359157	0.000000	135.485975
IND_DIRECT_ELEC	3.121215	0.000000	0.000000
DHN_HP_ELEC	127.846946	0.000000	7.325034
DHN_COGEN_GAS	273.591338	0.000000	417.570232
DHN_COGEN_WOOD	0.000015	0.000000	0.000002
DHN_COGEN_WASTE	0.000026	0.000000	0.000005
DHN_COGEN_WET_BIOMASS	0.000813	0.000000	0.000160
DHN_COGEN_BIO_HYDROLYSIS	0.000042	0.000000	0.000208
DHN_BOILER_GAS	0.000003	0.000000	0.000000
DHN_BOILER_WOOD	0.000056	0.000000	0.000000
DHN_BOILER_OIL	0.000003	0.000000	0.000000
DHN_DEEP_GEO	0.000000	0.000000	0.000000
DHN_SOLAR	0.000521	0.000000	0.000000
DEC_HP_ELEC	651.707398	0.000000	27.500914
DEC_THHP_GAS	0.003014	0.000000	0.000000
DEC_COGEN_GAS	0.000089	0.000000	0.000028
DEC_COGEN_OIL	0.000073	0.000000	0.000005
DEC_ADVCOGEN_GAS	0.000150	0.000000	0.000114
DEC_ADVCOGEN_H2	0.000146	0.000000	0.000106
DEC_BOILER_GAS	0.000047	0.000000	0.000000
DEC_BOILER_WOOD	0.000664	0.000000	0.000001
DEC_BOILER_OIL	0.000038	0.000000	0.000000
DEC_SOLAR	0.005423	0.000000	0.000000
DEC_DIRECT_ELEC	0.000007	0.000000	0.000000
TRAMWAY_TROLLEY	78.587427	0.000000	0.000000
BUS_COACH_DIESEL	0.000045	0.000000	0.000000
BUS_COACH_HYDIESEL	0.000039	0.000000	0.000000
BUS_COACH_CNG_STOICH	1589.625790	0.000000	1.350234
BUS_COACH_FC_HYBRIDH2	0.000095	0.000000	0.000000
BUS_COACH_ELECTRIC	0.012300	0.000000	0.000008
TRAIN_PUB	424.321963	0.000000	0.000000
CAR_GASOLINE	6191.681711	0.000000	1255.705370
CAR_DIESEL	0.000008	0.000000	0.000002
CAR_NG	0.000012	0.000000	0.000002
CAR_METHANOL	0.000009	0.000000	0.000002
CAR_HEV	0.000007	0.000000	0.000001
CAR_PHEV	0.004562	0.000000	0.000395
CAR_BEV	28993.422304	0.000000	3402.315735
CAR_FUEL_CELL	0.000006	0.000000	0.000000
TRAIN_FREIGHT	247.342362	0.000000	0.000000
BOAT_FREIGHT_DIESEL	0.000028	0.000000	0.000001
BOAT_FREIGHT_NG	0.000003	0.000000	0.000000
BOAT_FREIGHT_METHANOL	210.053681	0.000000	4.680950
TRUCK_DIESEL	6467.159742	0.000000	0.408140
TRUCK_METHANOL	0.000008	0.000000	0.000000
TRUCK_FUEL_CELL	0.008218	0.000000	0.000000
TRUCK_ELEC	3183.159086	0.000000	0.155971
TRUCK_NG	0.000006	0.000000	0.000000
HABER_BOSCH	0.005416	0.000000	0.000072
SYN_METHANOLATION	0.000756	0.000000	0.000035
METHANE_TO_METHANOL	0.000007	0.000000	0.000006
BIOMASS_TO_METHANOL	0.000534	0.000000	0.000149
OIL_TO_HVC	0.003100	0.000000	0.000000
GAS_TO_HVC	966.704985	0.000000	0.000000
METHANOL_TO_HVC	4980.024349	0.000000	0.000000
ADLIBIO_TO_HVC	1979.351849	0.000000	1474.221203
PHS	6016.701604	0.000000	0.000000
BATT_LI	0.000890	0.000000	0.000000
BEV_BATT	0.000000	0.000000	0.000000
PHEV_BATT	0.004977	0.000000	0.000000
TS_DEC_DIRECT_ELEC	0.000405	0.000000	0.000000
TS_DEC_HP_ELEC	489.144985	0.000000	0.000000
TS_DEC_THHP_GAS	0.000510	0.000000	0.000000
TS_DEC_COGEN_GAS	0.000403	0.000000	0.000000
TS_DEC_COGEN_OIL	0.000403	0.000000	0.000000
TS_DEC_ADVCOGEN_GAS	0.000404	0.000000	0.000000
TS_DEC_ADVCOGEN_H2	0.000403	0.000000	0.000000
TS_DEC_BOILER_GAS	0.000403	0.000000	0.000000
TS_DEC_BOILER_WOOD	0.000403	0.000000	0.000000
TS_DEC_BOILER_OIL	0.000403	0.000000	0.000000
TS_DHN_DAILY	0.003201	0.000000	0.000000
TS_DHN_SEASONAL	3704.111524	0.000000	0.000000
TS_HIGH_TEMP	232.969669	0.000000	0.000000
GAS_STORAGE	888.973352	0.000000	0.000000
H2_STORAGE	0.126714	0.000000	0.000000
DIESEL_STORAGE	0.014505	0.000000	0.000000
GASOLINE_STORAGE	0.015073	0.000000	0.000000
LFO_STORAGE	0.011563	0.000000	0.000000
AMMONIA_STORAGE	0.017792	0.000000	0.000000
METHANOL_STORAGE	0.159348	0.000000	0.000000
CO2_STORAGE	0.000667	0.000000	0.000000
ADLIBIO_TO_FUEL	0.000893	0.000000	0.000049
AMMONIA_TO_H2	0.000143	0.000000	0.000000
ATM_CCS	0.000030	0.000000	0.000014
BIO_HYDROLYSIS	1850.511326	0.000000	12243.090650
BIOMETHANATION	0.012744	0.000000	0.003603
DHN	0.000000	0.000000	0.000000
EFFICIENCY	0.000000	0.000000	0.000000
GASIFICATION_SNG	0.000046	0.000000	0.000164
GRID	875.959937	0.000000	0.000000
H2_BIOMASS	405.988814	0.000000	32.432762
H2_ELECTROLYSIS	0.000306	0.000000	0.000009
INDUSTRY_CCS	0.000000	0.000000	0.000004
REDIFUEL	0.000129	0.000000	0.000033
SMR	0.000000	0.000000	0.000008
SYN_METHANATION	0.000092	0.000000	0.000000
AMMONIA	0.000000	0.000142	0.000000
AMMONIA_RE_BE	0.000000	0.000000	0.000000
AMMONIA_RE_IMPORT	0.000000	36293.163284	0.000000
BIODIESEL	0.000000	0.021258	0.000000
BIODIESEL_BE	0.000000	0.000000	0.000000
BIOETHANOL	0.000000	0.022801	0.000000
CO2_ATM	0.000000	0.000000	0.000000
CO2_CAPTURED	0.000000	0.000000	0.000000
CO2_EMISSIONS	0.000000	0.000000	0.000000
CO2_INDUSTRY	0.000000	0.000000	0.000000
COAL	0.000000	0.001289	0.000000
DIESEL	0.000000	8663.403942	0.000000
ELEC_EXPORT	0.000000	0.000000	0.000000
ELECTRICITY	0.000000	42652.717779	0.000000
GAS	0.000000	7981.377702	0.000000
GAS_RE_BE	0.000000	0.000000	0.000000
GAS_RE_IMPORT	0.000000	0.000979	0.000000
GASOLINE	0.000000	7074.951972	0.000000
H2	0.000000	0.000001	0.000000
H2_RE_BE	0.000000	0.000000	0.000000
H2_RE_IMPORT	0.000000	26458.704317	0.000000
LFO	0.000000	0.005235	0.000000
LFO_RE_BE	0.000000	0.000000	0.000000
METHANOL	0.000000	12427.163727	0.000000
METHANOL_RE_BE	0.000000	0.000000	0.000000
METHANOL_RE_IMPORT	0.000000	0.000774	0.000000
RES_GEO	0.000000	0.000000	0.000000
RES_HYDRO	0.000000	0.000000	0.000000
RES_SOLAR	0.000000	0.000000	0.000000
RES_WIND	0.000000	0.000000	0.000000
URANIUM	0.000000	0.000000	0.000000
WASTE	0.000000	0.000000	0.000000
WET_BIOMASS	0.000000	90117.439576	0.000000
WOOD	0.000000	95211.482409	0.000000
WOOD_PRODUCTION	0.000000	256660.997279	0.000000
