Name	Crit_3_tech	Crit_3_res	Crit_3_op
NUCLEAR	29.205728	0.000000	4980.179927
CCGT	8.549313	0.000000	10.806698
CCGT_AMMONIA	0.000000	0.000000	0.000000
COAL_US	1.585423	0.000000	104.795390
COAL_IGCC	0.000000	0.000000	0.000000
PV	125.999783	0.000000	0.000000
WIND_ONSHORE	11.782976	0.000000	0.198453
WIND_OFFSHORE	10.831273	0.000000	0.271172
HYDRO_RIVER	1.117909	0.000000	0.005539
GEOTHERMAL	0.000000	0.000000	0.000000
IND_COGEN_GAS	4.570667	0.000000	2.148440
IND_COGEN_WOOD	0.000000	0.000000	0.000000
IND_COGEN_WASTE	5.604693	0.000000	329.385265
IND_BOILER_GAS	0.543701	0.000000	0.000000
IND_BOILER_WOOD	0.000000	0.000000	0.000000
IND_BOILER_OIL	0.304614	0.000000	0.000000
IND_BOILER_COAL	5.190781	0.000000	5.667222
IND_BOILER_WASTE	0.000000	0.000000	0.000000
IND_DIRECT_ELEC	0.000000	0.000000	0.000000
DHN_HP_ELEC	0.056125	0.000000	0.007942
DHN_COGEN_GAS	0.942058	0.000000	0.794224
DHN_COGEN_WOOD	0.142724	0.000000	3.893532
DHN_COGEN_WASTE	0.670468	0.000000	44.315487
DHN_COGEN_WET_BIOMASS	0.000000	0.000000	0.000000
DHN_COGEN_BIO_HYDROLYSIS	0.000000	0.000000	0.000000
DHN_BOILER_GAS	0.054547	0.000000	0.000000
DHN_BOILER_WOOD	0.000000	0.000000	0.000000
DHN_BOILER_OIL	0.013105	0.000000	0.000000
DHN_DEEP_GEO	0.651611	0.000000	0.000491
DHN_SOLAR	0.000000	0.000000	0.000000
DEC_HP_ELEC	1.043487	0.000000	0.113405
DEC_THHP_GAS	0.000000	0.000000	0.000000
DEC_COGEN_GAS	3.980572	0.000000	0.365430
DEC_COGEN_OIL	0.000000	0.000000	0.000000
DEC_ADVCOGEN_GAS	0.000000	0.000000	0.000000
DEC_ADVCOGEN_H2	0.000000	0.000000	0.000000
DEC_BOILER_GAS	27.245016	0.000000	0.000000
DEC_BOILER_WOOD	22.647220	0.000000	239.416943
DEC_BOILER_OIL	33.132694	0.000000	0.000000
DEC_SOLAR	29.122797	0.000000	0.000000
DEC_DIRECT_ELEC	0.000000	0.000000	0.000000
TRAMWAY_TROLLEY	0.323239	0.000000	0.000000
BUS_COACH_DIESEL	95.696348	0.000000	0.264670
BUS_COACH_HYDIESEL	0.000000	0.000000	0.000000
BUS_COACH_CNG_STOICH	20.471062	0.000000	0.056313
BUS_COACH_FC_HYBRIDH2	0.000000	0.000000	0.000000
BUS_COACH_ELECTRIC	0.000000	0.000000	0.000000
TRAIN_PUB	6.986848	0.000000	0.000000
CAR_GASOLINE	961.803016	0.000000	132.672473
CAR_DIESEL	1759.157664	0.000000	242.703666
CAR_NG	28.014257	0.000000	3.751092
CAR_METHANOL	0.000000	0.000000	0.000000
CAR_HEV	0.000000	0.000000	0.000000
CAR_PHEV	0.000000	0.000000	0.000000
CAR_BEV	0.000000	0.000000	0.000000
CAR_FUEL_CELL	0.000000	0.000000	0.000000
TRAIN_FREIGHT	3.751654	0.000000	0.000000
BOAT_FREIGHT_DIESEL	3.971855	0.000000	0.067499
BOAT_FREIGHT_NG	0.000000	0.000000	0.000000
BOAT_FREIGHT_METHANOL	0.000000	0.000000	0.000000
TRUCK_DIESEL	390.379202	0.000000	0.146748
TRUCK_METHANOL	0.000000	0.000000	0.000000
TRUCK_FUEL_CELL	0.000000	0.000000	0.000000
TRUCK_ELEC	0.000000	0.000000	0.000000
TRUCK_NG	24.649591	0.000000	0.009367
HABER_BOSCH	97.733482	0.000000	4082.263214
SYN_METHANOLATION	0.000000	0.000000	0.000000
METHANE_TO_METHANOL	0.000000	0.000000	0.000000
BIOMASS_TO_METHANOL	0.000000	0.000000	0.000000
OIL_TO_HVC	158.580207	0.000000	0.000000
GAS_TO_HVC	0.000000	0.000000	0.000000
METHANOL_TO_HVC	0.000000	0.000000	0.000000
ADLIBIO_TO_HVC	0.000000	0.000000	0.000000
PHS	215.440255	0.000000	0.000000
BATT_LI	0.000000	0.000000	0.000000
BEV_BATT	0.000000	0.000000	0.000000
PHEV_BATT	0.000000	0.000000	0.000000
TS_DEC_DIRECT_ELEC	0.000000	0.000000	0.000000
TS_DEC_HP_ELEC	0.000316	0.000000	0.000000
TS_DEC_THHP_GAS	0.000083	0.000000	0.000000
TS_DEC_COGEN_GAS	0.000000	0.000000	0.000000
TS_DEC_COGEN_OIL	0.000000	0.000000	0.000000
TS_DEC_ADVCOGEN_GAS	0.000000	0.000000	0.000000
TS_DEC_ADVCOGEN_H2	0.000000	0.000000	0.000000
TS_DEC_BOILER_GAS	0.000000	0.000000	0.000000
TS_DEC_BOILER_WOOD	0.000000	0.000000	0.000000
TS_DEC_BOILER_OIL	0.000000	0.000000	0.000000
TS_DHN_DAILY	0.000368	0.000000	0.000000
TS_DHN_SEASONAL	176.168499	0.000000	0.000000
TS_HIGH_TEMP	1.526157	0.000000	0.000000
GAS_STORAGE	0.000000	0.000000	0.000000
H2_STORAGE	0.000000	0.000000	0.000000
DIESEL_STORAGE	0.000000	0.000000	0.000000
GASOLINE_STORAGE	0.000000	0.000000	0.000000
LFO_STORAGE	0.000000	0.000000	0.000000
AMMONIA_STORAGE	0.000000	0.000000	0.000000
METHANOL_STORAGE	0.000000	0.000000	0.000000
CO2_STORAGE	0.000000	0.000000	0.000000
ADLIBIO_TO_FUEL	0.000000	0.000000	0.000000
AMMONIA_TO_H2	0.000000	0.000000	0.000000
ATM_CCS	0.000000	0.000000	0.000000
BIO_HYDROLYSIS	0.000000	0.000000	0.000000
BIOMETHANATION	12.476686	0.000000	12.843344
DHN	0.000000	0.000000	0.000000
EFFICIENCY	0.000000	0.000000	0.000000
GASIFICATION_SNG	0.000000	0.000000	0.000000
GRID	22.083821	0.000000	0.000000
H2_BIOMASS	0.000000	0.000000	0.000000
H2_ELECTROLYSIS	0.000000	0.000000	0.000000
INDUSTRY_CCS	0.000000	0.000000	0.000000
REDIFUEL	0.000000	0.000000	0.000000
SMR	0.000000	0.000000	126.854983
SYN_METHANATION	0.000000	0.000000	0.000000
AMMONIA	0.000000	268.823299	0.000000
AMMONIA_RE_BE	0.000000	0.000000	0.000000
AMMONIA_RE_IMPORT	0.000000	0.003297	0.000000
BIODIESEL	0.000000	0.001269	0.000000
BIODIESEL_BE	0.000000	0.000000	0.000000
BIOETHANOL	0.000000	0.001412	0.000000
CO2_ATM	0.000000	0.000000	0.000000
CO2_CAPTURED	0.000000	0.000000	0.000000
CO2_EMISSIONS	0.000000	0.000000	0.000000
CO2_INDUSTRY	0.000000	0.000000	0.000000
COAL	0.000000	222.870710	0.000000
DIESEL	0.000000	460.792344	0.000000
ELEC_EXPORT	0.000000	0.000000	0.000000
ELECTRICITY	0.000000	1917.040480	0.000000
GAS	0.000000	774.774027	0.000000
GAS_RE_BE	0.000000	0.000000	0.000000
GAS_RE_IMPORT	0.000000	0.000000	0.000000
GASOLINE	0.000000	170.115236	0.000000
H2	0.000000	0.000004	0.000000
H2_RE_BE	0.000000	0.000000	0.000000
H2_RE_IMPORT	0.000000	0.000000	0.000000
LFO	0.000000	1117.875778	0.000000
LFO_RE_BE	0.000000	0.000000	0.000000
METHANOL	0.000000	44.973215	0.000000
METHANOL_RE_BE	0.000000	0.000000	0.000000
METHANOL_RE_IMPORT	0.000000	0.000000	0.000000
RES_GEO	0.000000	0.000000	0.000000
RES_HYDRO	0.000000	0.000000	0.000000
RES_SOLAR	0.000000	0.000000	0.000000
RES_WIND	0.000000	0.000000	0.000000
URANIUM	0.000000	199.896238	0.000000
WASTE	0.000000	0.000000	0.000000
WET_BIOMASS	0.000000	276.935375	0.000000
WOOD	0.000000	1065.669508	0.000000
WOOD_PRODUCTION	0.000000	0.000000	0.000000
