TECHNOLOGIES	 c_inv	 c_maint	 lifetime	  f_min	 f	 f_max	 fmin_perc	f_perc	 fmax_perc	 c_p	 c_p_max	 tau	 gwp_constr
 UNITS	[M€/GW]	 [M€/GW/y]	 [y]	 [GW or GWh]	 [GW or GWh]	 [GW or GWh]	 [0-1]	 [0-1]	 [0-1]	 [0-1]	 [0-1]	 [-]	 [ktCO2-eq./GW or GWh]
NUCLEAR	0.000000	0.000000	60.000000	0.000000	0.000000	0.000000	0.000000	0.000000	1.000000	0.000000	0.849000	0.025393	0.000000
CCGT	0.000746	0.000019	25.000000	0.000000	0.000001	Infinity	0.000000	0.000000	1.000000	0.003495	0.961540	0.048263	0.000178
CCGT_AMMONIA	0.000194	0.000005	25.000000	0.000000	0.000000	Infinity	0.000000	0.000000	1.000000	0.000105	0.630000	0.048263	0.000046
COAL_US	0.000000	0.000000	35.000000	0.000000	0.000000	0.000000	0.000000	0.000000	1.000000	0.000000	0.868000	0.036934	0.000000
COAL_IGCC	0.000000	0.000000	35.000000	0.000000	0.000000	0.000000	0.000000	0.000000	1.000000	0.000000	0.856000	0.036934	0.000000
PV	33654.763295	384.339983	25.000000	0.000000	38.683636	59.200000	0.000000	0.500085	1.000000	0.116045	1.000000	0.048263	80517.280421
WIND_ONSHORE	10399.999993	120.960000	30.000000	0.000000	10.000000	10.000000	0.000000	0.249687	1.000000	0.224134	1.000000	0.041639	6228.499996
WIND_OFFSHORE	29847.779996	207.666000	30.000000	0.000000	6.000000	6.000000	0.000000	0.244298	1.000000	0.365493	1.000000	0.041639	3737.100000
HYDRO_RIVER	580.165799	5.801152	40.000000	0.000000	0.115000	0.115000	0.000000	0.005930	1.000000	0.462874	1.000000	0.033427	145.224300
GEOTHERMAL	0.000000	0.000000	30.000000	0.000000	0.000000	0.000000	0.000000	0.000000	1.000000	0.000000	0.950000	0.041639	0.000000
IND_COGEN_GAS	8357.703750	537.225414	25.000000	0.000000	5.935743	Infinity	0.000000	0.584499	1.000000	0.850000	0.850000	0.048263	6080.099930
IND_COGEN_WOOD	0.000200	0.000007	25.000000	0.000000	0.000000	Infinity	0.000000	0.000000	1.000000	0.000210	0.850000	0.048263	0.000031
IND_COGEN_WASTE	0.000216	0.000008	25.000000	0.000000	0.000000	Infinity	0.000000	0.000000	1.000000	0.000124	0.850000	0.048263	0.000048
IND_BOILER_GAS	610.633987	12.234307	17.000000	0.000000	10.369061	Infinity	0.000000	0.193115	1.000000	0.160763	0.950000	0.067080	127.746828
IND_BOILER_WOOD	0.000149	0.000003	17.000000	0.000000	0.000001	Infinity	0.000000	0.000000	1.000000	0.000354	0.900000	0.067080	0.000037
IND_BOILER_OIL	0.000153	0.000003	17.000000	0.000000	0.000003	Infinity	0.000000	0.000000	1.000000	0.000830	0.950000	0.067080	0.000034
IND_BOILER_COAL	44.041270	0.880820	17.000000	0.000000	0.382369	Infinity	0.000000	0.029357	1.000000	0.662742	0.900000	0.067080	18.422542
IND_BOILER_WASTE	302.319673	6.046358	17.000000	0.000000	2.624758	Infinity	0.000000	0.193029	1.000000	0.634811	0.900000	0.067080	75.776775
IND_DIRECT_ELEC	0.002349	0.000011	15.000000	0.000000	0.000007	Infinity	0.000000	0.000000	1.000000	0.005814	0.950000	0.074944	0.000010
DHN_HP_ELEC	2361.555534	80.078452	25.000000	0.000000	6.849854	Infinity	0.000000	0.854560	1.000000	0.667486	0.950000	0.048263	1197.285914
DHN_COGEN_GAS	1403.092580	41.023436	25.000000	0.000000	1.118457	Infinity	0.000000	0.145440	1.000000	0.695736	0.850000	0.048263	549.027960
DHN_COGEN_WOOD	0.000160	0.000006	25.000000	0.000000	0.000000	Infinity	0.000000	0.000000	1.000000	0.000140	0.850000	0.048263	0.000024
DHN_COGEN_WASTE	0.000194	0.000007	25.000000	0.000000	0.000000	Infinity	0.000000	0.000000	1.000000	0.000098	0.850000	0.048263	0.000043
DHN_COGEN_WET_BIOMASS	0.000169	0.000014	25.000000	0.000000	0.000000	Infinity	0.000000	0.000000	1.000000	0.000499	0.750000	0.048263	0.000126
DHN_COGEN_BIO_HYDROLYSIS	0.000135	0.000007	15.000000	0.000000	0.000000	Infinity	0.000000	0.000000	1.000000	0.000067	0.850000	0.074944	0.000019
DHN_BOILER_GAS	0.000038	0.000001	17.000000	0.000000	0.000001	Infinity	0.000000	0.000000	1.000000	0.000487	0.950000	0.067080	0.000008
DHN_BOILER_WOOD	0.000054	0.000001	17.000000	0.000000	0.000000	Infinity	0.000000	0.000000	1.000000	0.000209	0.900000	0.067080	0.000014
DHN_BOILER_OIL	0.000032	0.000001	17.000000	0.000000	0.000001	Infinity	0.000000	0.000000	1.000000	0.000326	0.950000	0.067080	0.000007
DHN_DEEP_GEO	0.000000	0.000000	30.000000	0.000000	0.000000	0.000000	0.000000	0.000000	1.000000	0.000000	0.850000	0.041639	0.000000
DHN_SOLAR	0.000116	0.000000	30.000000	0.000000	0.000000	Infinity	0.000000	0.000000	1.000000	0.000169	1.000000	0.041639	0.000071
DEC_HP_ELEC	8644.385514	360.425302	18.000000	0.000000	17.568461	Infinity	0.000000	0.903183	1.000000	0.449168	1.000000	0.063806	2896.863522
DEC_THHP_GAS	596.731800	17.440885	20.000000	0.000000	1.890306	Infinity	0.000000	0.096817	1.000000	0.447495	1.000000	0.058246	721.964572
DEC_COGEN_GAS	0.000424	0.000027	20.000000	0.000000	0.000000	Infinity	0.000000	0.000000	1.000000	0.001001	1.000000	0.058246	0.000309
DEC_COGEN_OIL	0.000330	0.000020	20.000000	0.000000	0.000000	Infinity	0.000000	0.000000	1.000000	0.000628	1.000000	0.058246	0.000259
DEC_ADVCOGEN_GAS	0.000574	0.000011	20.000000	0.000000	0.000000	Infinity	0.000000	0.000000	1.000000	0.000288	1.000000	0.058246	0.000174
DEC_ADVCOGEN_H2	0.000486	0.000009	20.000000	0.000000	0.000000	Infinity	0.000000	0.000000	1.000000	0.000149	1.000000	0.058246	0.000147
DEC_BOILER_GAS	0.000279	0.000008	17.000000	0.000000	0.000002	Infinity	0.000000	0.000000	1.000000	0.000880	1.000000	0.067080	0.000037
DEC_BOILER_WOOD	0.000258	0.000009	17.000000	0.000000	0.000001	Infinity	0.000000	0.000000	1.000000	0.000293	1.000000	0.067080	0.000012
DEC_BOILER_OIL	0.000204	0.000012	17.000000	0.000000	0.000001	Infinity	0.000000	0.000000	1.000000	0.000636	1.000000	0.067080	0.000030
DEC_SOLAR	0.001769	0.000020	20.000000	0.000000	0.000002	Infinity	0.000000	0.000000	1.000000	0.001200	1.000000	0.058246	0.000544
DEC_DIRECT_ELEC	0.000306	0.000001	15.000000	0.000000	0.000008	Infinity	0.000000	0.000000	1.000000	0.000259	1.000000	0.074944	0.000011
TRAMWAY_TROLLEY	4725.034453	94.500689	30.000000	0.000000	7.560055	Infinity	0.000000	0.300000	0.300000	0.342470	0.342470	0.041639	0.000000
BUS_COACH_DIESEL	0.000009	0.000000	15.000000	0.000000	0.000000	Infinity	0.000000	0.000000	1.000000	0.000028	0.296800	0.074944	0.000000
BUS_COACH_HYDIESEL	0.000008	0.000000	15.000000	0.000000	0.000000	Infinity	0.000000	0.000000	1.000000	0.000001	0.296800	0.074944	0.000000
BUS_COACH_CNG_STOICH	12438.835611	621.942911	15.000000	0.000000	20.354495	Infinity	0.000000	0.700000	1.000000	0.296800	0.296800	0.074944	0.000000
BUS_COACH_FC_HYBRIDH2	0.000043	0.000002	15.000000	0.000000	0.000000	Infinity	0.000000	0.000000	1.000000	0.000156	0.296800	0.074944	0.000000
BUS_COACH_ELECTRIC	0.000042	0.000002	15.000000	0.000000	0.000000	Infinity	0.000000	0.000000	1.000000	0.000173	0.296800	0.074944	0.000000
TRAIN_PUB	0.003366	0.000121	40.000000	0.000000	0.000002	Infinity	0.000000	0.000000	0.500000	0.006147	0.275070	0.033427	0.000000
CAR_GASOLINE	25748.567381	1470.331479	10.000000	50.000000	61.263812	Infinity	0.000000	0.364659	1.000000	0.051370	0.051370	0.108434	0.000000
CAR_DIESEL	0.000007	0.000000	10.000000	0.000000	0.000000	Infinity	0.000000	0.000000	1.000000	0.000003	0.051370	0.108434	0.000000
CAR_NG	0.000026	0.000001	10.000000	0.000000	0.000000	Infinity	0.000000	0.000000	1.000000	0.000032	0.051370	0.108434	0.000000
CAR_METHANOL	0.000023	0.000001	10.000000	0.000000	0.000000	Infinity	0.000000	0.000000	1.000000	0.000029	0.051370	0.108434	0.000000
CAR_HEV	0.000034	0.000003	10.000000	0.000000	0.000000	Infinity	0.000000	0.000000	1.000000	0.000042	0.051370	0.108434	0.000000
CAR_PHEV	0.007130	0.000531	10.000000	0.000000	0.000016	Infinity	0.000000	0.000000	1.000000	0.004746	0.051370	0.108434	0.000000
CAR_BEV	46306.597275	1067.390390	10.000000	0.000000	106.739039	Infinity	0.000000	0.635341	1.000000	0.051370	0.051370	0.108434	0.000000
CAR_FUEL_CELL	0.000007	0.000000	10.000000	0.000000	0.000000	Infinity	0.000000	0.000000	1.000000	0.000000	0.051370	0.108434	0.000000
TRAIN_FREIGHT	737.033459	14.740046	40.000000	0.000000	7.058355	Infinity	0.000000	1.000000	1.000000	0.342470	0.342470	0.033427	0.000000
BOAT_FREIGHT_DIESEL	0.000002	0.000000	40.000000	0.000000	0.000000	Infinity	0.000000	0.000000	1.000000	0.000001	0.114160	0.033427	0.000000
BOAT_FREIGHT_NG	0.000010	0.000000	40.000000	0.000000	0.000000	Infinity	0.000000	0.000000	1.000000	0.000138	0.114160	0.033427	0.000000
BOAT_FREIGHT_METHANOL	1941.019253	97.049551	40.000000	0.000000	25.409337	Infinity	0.000000	1.000000	1.000000	0.114160	0.114160	0.033427	0.000000
TRUCK_DIESEL	17439.624373	871.983830	15.000000	34.000000	46.993141	Infinity	0.000000	1.000000	1.000000	0.092590	0.092590	0.074944	0.000000
TRUCK_METHANOL	0.000000	0.000000	15.000000	0.000000	0.000000	0.000000	0.000000	0.000000	1.000000	0.000000	0.092590	0.074944	0.000000
TRUCK_FUEL_CELL	0.000000	0.000000	15.000000	0.000000	0.000000	0.000000	0.000000	0.000000	1.000000	0.000000	0.092590	0.074944	0.000000
TRUCK_ELEC	0.000000	0.000000	15.000000	0.000000	0.000000	0.000000	0.000000	0.000000	1.000000	0.000000	0.092590	0.074944	0.000000
TRUCK_NG	0.000000	0.000000	15.000000	0.000000	0.000000	0.000000	0.000000	0.000000	1.000000	0.000000	0.092590	0.074944	0.000000
HABER_BOSCH	0.000995	0.000019	20.000000	0.000000	0.000001	Infinity	0.000000	1.000000	1.000000	0.008012	1.000000	0.058246	0.000000
SYN_METHANOLATION	0.000181	0.000005	20.000000	0.000000	0.000000	Infinity	0.000000	0.257880	1.000000	0.000188	0.950000	0.058246	0.000000
METHANE_TO_METHANOL	0.000264	0.000012	25.000000	0.000000	0.000000	Infinity	0.000000	0.613456	1.000000	0.000447	0.850000	0.048263	0.000000
BIOMASS_TO_METHANOL	0.000193	0.000003	20.000000	0.000000	0.000000	Infinity	0.000000	0.128664	1.000000	0.000094	1.000000	0.058246	0.000000
OIL_TO_HVC	0.000213	0.000001	20.000000	0.000000	0.000001	Infinity	0.000000	0.000000	1.000000	0.000412	1.000000	0.058246	0.000000
GAS_TO_HVC	0.000221	0.000006	20.000000	0.000000	0.000000	Infinity	0.000000	0.000000	1.000000	0.000265	1.000000	0.058246	0.000000
METHANOL_TO_HVC	3293.143269	296.382894	20.000000	0.000000	4.723384	Infinity	0.000000	1.000000	1.000000	1.000000	1.000000	0.058246	0.000000
ADLIBIO_TO_HVC	0.000187	0.000004	20.000000	0.000000	0.000000	Infinity	0.000000	0.000000	1.000000	0.000170	1.000000	0.058246	0.000195
PHS	294.000027	0.000000	50.000000	5.000000	5.000000	6.500000	0.000000	-1.000000	1.000000	0.020856	1.000000	0.028572	
BATT_LI	0.001097	0.000002	15.000000	0.000000	0.000004	Infinity	0.000000	-1.000000	1.000000	0.000826	1.000000	0.074944	
BEV_BATT	0.000000	0.000000	1.000000	0.000000	105.891904	Infinity	0.000000	-1.000000	1.000000	0.004538	1.000000	1.015000	
PHEV_BATT	0.000000	0.000000	1.000000	0.000000	0.000003	Infinity	0.000000	-1.000000	1.000000	0.000232	1.000000	1.015000	
TS_DEC_DIRECT_ELEC	0.000766	0.000005	20.000000	0.000000	0.000040	Infinity	0.000000	-1.000000	1.000000	0.000285	1.000000	0.058246	
TS_DEC_HP_ELEC	1018.911318	7.133061	20.000000	0.000000	53.711719	Infinity	0.000000	-1.000000	1.000000	0.029285	1.000000	0.058246	
TS_DEC_THHP_GAS	82.568576	0.578035	20.000000	0.000000	4.352587	Infinity	0.000000	-1.000000	1.000000	0.033157	1.000000	0.058246	
TS_DEC_COGEN_GAS	0.000766	0.000005	20.000000	0.000000	0.000040	Infinity	0.000000	-1.000000	1.000000	0.000305	1.000000	0.058246	
TS_DEC_COGEN_OIL	0.000758	0.000005	20.000000	0.000000	0.000040	Infinity	0.000000	-1.000000	1.000000	0.000250	1.000000	0.058246	
TS_DEC_ADVCOGEN_GAS	0.000766	0.000005	20.000000	0.000000	0.000040	Infinity	0.000000	-1.000000	1.000000	0.000257	1.000000	0.058246	
TS_DEC_ADVCOGEN_H2	0.000761	0.000005	20.000000	0.000000	0.000040	Infinity	0.000000	-1.000000	1.000000	0.000184	1.000000	0.058246	
TS_DEC_BOILER_GAS	0.000766	0.000005	20.000000	0.000000	0.000040	Infinity	0.000000	-1.000000	1.000000	0.000505	1.000000	0.058246	
TS_DEC_BOILER_WOOD	0.000764	0.000005	20.000000	0.000000	0.000040	Infinity	0.000000	-1.000000	1.000000	0.000248	1.000000	0.058246	
TS_DEC_BOILER_OIL	0.000764	0.000005	20.000000	0.000000	0.000040	Infinity	0.000000	-1.000000	1.000000	0.000294	1.000000	0.058246	
TS_DHN_DAILY	0.001805	0.000005	40.000000	0.000000	0.000602	Infinity	0.000000	-1.000000	1.000000	0.001455	1.000000	0.033427	
TS_DHN_SEASONAL	446.221319	2.444576	25.000000	0.000000	826.335776	Infinity	0.000000	-1.000000	1.000000	0.001613	1.000000	0.048263	
TS_HIGH_TEMP	478.417481	5.120415	25.000000	0.000000	17.068051	Infinity	0.000000	-1.000000	1.000000	0.024169	1.000000	0.048263	
GAS_STORAGE	61.151230	1.601140	50.000000	0.000000	1223.024608	Infinity	0.000000	-1.000000	1.000000	0.000249	1.000000	0.028572	
H2_STORAGE	0.005285	0.000333	20.000000	0.000000	0.000854	Infinity	0.000000	-1.000000	1.000000	0.000066	1.000000	0.058246	
DIESEL_STORAGE	0.005604	0.000222	20.000000	0.000000	0.560414	Infinity	0.000000	-1.000000	1.000000	0.000000	1.000000	0.058246	
GASOLINE_STORAGE	2.599753	0.103210	20.000000	0.000000	259.975317	Infinity	0.000000	-1.000000	1.000000	0.001939	1.000000	0.058246	
LFO_STORAGE	0.006112	0.000243	20.000000	0.000000	0.611196	Infinity	0.000000	-1.000000	1.000000	0.000000	1.000000	0.058246	
AMMONIA_STORAGE	0.000020	0.000001	20.000000	0.000000	0.002018	Infinity	0.000000	-1.000000	1.000000	0.000023	1.000000	0.058246	
METHANOL_STORAGE	0.000001	0.000000	20.000000	0.000000	0.000074	Infinity	0.000000	-1.000000	1.000000	0.000002	1.000000	0.058246	
CO2_STORAGE	0.013974	0.000140	30.000000	0.000000	0.000282	Infinity	0.000000	-1.000000	1.000000	0.000008	1.000000	0.041639	
ADLIBIO_TO_FUEL	0.000168	0.000003	20.000000	0.000000	0.000000	Infinity	0.000000	-1.000000	1.000000	0.000088	1.000000	0.058246	
AMMONIA_TO_H2	0.000103	0.000009	25.000000	0.000000	0.000000	Infinity	0.000000	-1.000000	1.000000	0.000116	0.860000	0.048263	
ATM_CCS	0.000272	0.000007	40.000000	0.000000	0.000000	Infinity	0.000000	-1.000000	1.000000	0.000063	1.000000	0.033427	
BIO_HYDROLYSIS	3491.201657	238.032379	15.000000	0.000000	2.193090	Infinity	0.000000	-1.000000	1.000000	0.850000	0.850000	0.074944	
BIOMETHANATION	20.158620	0.279244	20.000000	0.000000	0.020444	Infinity	0.000000	-1.000000	1.000000	0.492929	0.850000	0.058246	
DHN	6580.870245	0.000000	60.000000	0.000000	7.968313	Infinity	0.000000	-1.000000	1.000000	0.000000	1.000000	0.025393	
EFFICIENCY	5517.241379	0.000000	1.000000	0.000000	0.985222	Infinity	0.000000	-1.000000	1.000000	0.000000	1.000000	1.015000	
GASIFICATION_SNG	0.000158	0.000011	25.000000	0.000000	0.000000	Infinity	0.000000	-1.000000	1.000000	0.000146	0.850000	0.048263	
GRID	95031.701307	0.000000	80.000000	0.000000	1.268458	Infinity	0.000000	-1.000000	1.000000	0.000000	1.000000	0.021548	
H2_BIOMASS	0.000167	0.000012	25.000000	0.000000	0.000000	Infinity	0.000000	-1.000000	1.000000	0.000190	0.860000	0.048263	
H2_ELECTROLYSIS	0.000549	0.000015	15.000000	0.000000	0.000001	Infinity	0.000000	-1.000000	1.000000	0.000971	0.900000	0.074944	
INDUSTRY_CCS	0.000277	0.000007	40.000000	0.000000	0.000000	Infinity	0.000000	-1.000000	1.000000	0.000083	1.000000	0.033427	
REDIFUEL	15195.519361	405.927568	20.000000	0.000000	2.230371	Infinity	0.000000	-1.000000	1.000000	1.000000	1.000000	0.058246	
SMR	0.000417	0.000038	25.000000	0.000000	0.000001	Infinity	0.000000	-1.000000	1.000000	0.002963	0.860000	0.048263	
SYN_METHANATION	0.000060	0.000015	40.000000	0.000000	0.000000	Infinity	0.000000	-1.000000	1.000000	0.000443	1.000000	0.033427	