TECHNOLOGIES	 c_inv	 c_maint	 lifetime	  f_min	 f	 f_max	 fmin_perc	f_perc	 fmax_perc	 c_p	 c_p_max	 tau	 gwp_constr
 UNITS	[M€/GW]	 [M€/GW/y]	 [y]	 [GW or GWh]	 [GW or GWh]	 [GW or GWh]	 [0-1]	 [0-1]	 [0-1]	 [0-1]	 [0-1]	 [-]	 [ktCO2-eq./GW or GWh]
NUCLEAR	0.000000	0.000000	60.000000	0.000000	0.000000	0.000000	0.000000	0.000000	1.000000	0.000000	0.849000	0.025393	0.000000
CCGT	0.001604	0.000041	25.000000	0.000000	0.000002	Infinity	0.000000	0.000000	1.000000	0.009253	0.961540	0.048263	0.000382
CCGT_AMMONIA	0.000648	0.000016	25.000000	0.000000	0.000001	Infinity	0.000000	0.000000	1.000000	0.000389	0.630000	0.048263	0.000154
COAL_US	0.000000	0.000000	35.000000	0.000000	0.000000	0.000000	0.000000	0.000000	1.000000	0.000000	0.868000	0.036934	0.000000
COAL_IGCC	0.000000	0.000000	35.000000	0.000000	0.000000	0.000000	0.000000	0.000000	1.000000	0.000000	0.856000	0.036934	0.000000
PV	32209.239348	367.831989	25.000000	0.000000	37.022114	59.200000	0.000000	0.489757	1.000000	0.116127	1.000000	0.048263	77058.939144
WIND_ONSHORE	10400.000000	120.960000	30.000000	0.000000	10.000000	10.000000	0.000000	0.254898	1.000000	0.223758	1.000000	0.041639	6228.500000
WIND_OFFSHORE	29847.779993	207.666000	30.000000	0.000000	6.000000	6.000000	0.000000	0.249292	1.000000	0.364729	1.000000	0.041639	3737.099999
HYDRO_RIVER	580.165797	5.801152	40.000000	0.000000	0.115000	0.115000	0.000000	0.006053	1.000000	0.462009	1.000000	0.033427	145.224299
GEOTHERMAL	0.000000	0.000000	30.000000	0.000000	0.000000	0.000000	0.000000	0.000000	1.000000	0.000000	0.950000	0.041639	0.000000
IND_COGEN_GAS	4040.604524	259.726296	25.000000	0.000000	2.869686	Infinity	0.000000	0.327883	1.000000	0.850000	0.850000	0.048263	2939.477160
IND_COGEN_WOOD	0.002018	0.000074	25.000000	0.000000	0.000002	Infinity	0.000000	0.000000	1.000000	0.010489	0.850000	0.048263	0.000309
IND_COGEN_WASTE	0.000701	0.000026	25.000000	0.000000	0.000000	Infinity	0.000000	0.000000	1.000000	0.000321	0.850000	0.048263	0.000155
IND_BOILER_GAS	453.740725	9.090885	17.000000	0.000000	7.704886	Infinity	0.000000	0.170545	1.000000	0.164667	0.950000	0.067080	94.924193
IND_BOILER_WOOD	0.000558	0.000011	17.000000	0.000000	0.000005	Infinity	0.000000	0.000000	1.000000	0.008429	0.900000	0.067080	0.000140
IND_BOILER_OIL	0.000493	0.000011	17.000000	0.000000	0.000009	Infinity	0.000000	0.000000	1.000000	0.002506	0.950000	0.067080	0.000111
IND_BOILER_COAL	294.581507	5.891596	17.000000	0.000000	2.557575	Infinity	0.000000	0.276815	1.000000	0.805185	0.900000	0.067080	123.223971
IND_BOILER_WASTE	278.465645	5.569280	17.000000	0.000000	2.417656	Infinity	0.000000	0.223975	1.000000	0.689191	0.900000	0.067080	69.797735
IND_DIRECT_ELEC	22.490436	0.102026	15.000000	0.000000	0.067673	Infinity	0.000000	0.000781	1.000000	0.085847	0.950000	0.074944	0.099479
DHN_HP_ELEC	1907.738421	64.689878	25.000000	0.000000	5.533526	Infinity	0.000000	0.635864	1.000000	0.614018	0.950000	0.048263	967.205008
DHN_COGEN_GAS	3152.362657	92.168363	25.000000	0.000000	2.512864	Infinity	0.000000	0.364136	1.000000	0.774308	0.850000	0.048263	1233.514640
DHN_COGEN_WOOD	0.000593	0.000022	25.000000	0.000000	0.000001	Infinity	0.000000	0.000000	1.000000	0.000987	0.850000	0.048263	0.000091
DHN_COGEN_WASTE	0.000619	0.000023	25.000000	0.000000	0.000000	Infinity	0.000000	0.000000	1.000000	0.000248	0.850000	0.048263	0.000137
DHN_COGEN_WET_BIOMASS	0.000481	0.000039	25.000000	0.000000	0.000000	Infinity	0.000000	0.000000	1.000000	0.001475	0.750000	0.048263	0.000359
DHN_COGEN_BIO_HYDROLYSIS	0.000470	0.000023	15.000000	0.000000	0.000000	Infinity	0.000000	0.000000	1.000000	0.000156	0.850000	0.074944	0.000067
DHN_BOILER_GAS	0.000108	0.000002	17.000000	0.000000	0.000002	Infinity	0.000000	0.000000	1.000000	0.001119	0.950000	0.067080	0.000023
DHN_BOILER_WOOD	0.000171	0.000003	17.000000	0.000000	0.000001	Infinity	0.000000	0.000000	1.000000	0.000976	0.900000	0.067080	0.000043
DHN_BOILER_OIL	0.000099	0.000002	17.000000	0.000000	0.000002	Infinity	0.000000	0.000000	1.000000	0.000876	0.950000	0.067080	0.000022
DHN_DEEP_GEO	0.000000	0.000000	30.000000	0.000000	0.000000	0.000000	0.000000	0.000000	1.000000	0.000000	0.850000	0.041639	0.000000
DHN_SOLAR	0.000424	0.000001	30.000000	0.000000	0.000001	Infinity	0.000000	0.000000	1.000000	0.000629	1.000000	0.041639	0.000259
DEC_HP_ELEC	8274.504338	345.003207	18.000000	0.000000	16.816731	Infinity	0.000000	0.864511	1.000000	0.449371	1.000000	0.063806	2772.910780
DEC_THHP_GAS	834.037406	24.376697	20.000000	0.000000	2.642034	Infinity	0.000000	0.135489	1.000000	0.448271	1.000000	0.058246	1009.072182
DEC_COGEN_GAS	0.001332	0.000086	20.000000	0.000000	0.000001	Infinity	0.000000	0.000000	1.000000	0.002980	1.000000	0.058246	0.000969
DEC_COGEN_OIL	0.001152	0.000071	20.000000	0.000000	0.000001	Infinity	0.000000	0.000000	1.000000	0.002303	1.000000	0.058246	0.000904
DEC_ADVCOGEN_GAS	0.002042	0.000038	20.000000	0.000000	0.000000	Infinity	0.000000	0.000000	1.000000	0.000905	1.000000	0.058246	0.000619
DEC_ADVCOGEN_H2	0.001611	0.000030	20.000000	0.000000	0.000000	Infinity	0.000000	0.000000	1.000000	0.000429	1.000000	0.058246	0.000488
DEC_BOILER_GAS	0.000827	0.000025	17.000000	0.000000	0.000005	Infinity	0.000000	0.000000	1.000000	0.001535	1.000000	0.067080	0.000110
DEC_BOILER_WOOD	0.000717	0.000025	17.000000	0.000000	0.000002	Infinity	0.000000	0.000000	1.000000	0.002073	1.000000	0.067080	0.000033
DEC_BOILER_OIL	0.000642	0.000038	17.000000	0.000000	0.000005	Infinity	0.000000	0.000000	1.000000	0.001681	1.000000	0.067080	0.000095
DEC_SOLAR	0.005689	0.000063	20.000000	0.000000	0.000008	Infinity	0.000000	0.000000	1.000000	0.003921	1.000000	0.058246	0.001750
DEC_DIRECT_ELEC	0.001044	0.000005	15.000000	0.000000	0.000026	Infinity	0.000000	0.000000	1.000000	0.000703	1.000000	0.074944	0.000038
TRAMWAY_TROLLEY	4725.034502	94.500690	30.000000	0.000000	7.560055	Infinity	0.000000	0.300000	0.300000	0.342470	0.342470	0.041639	0.000000
BUS_COACH_DIESEL	0.000096	0.000005	15.000000	0.000000	0.000000	Infinity	0.000000	0.000000	1.000000	0.000464	0.296800	0.074944	0.000000
BUS_COACH_HYDIESEL	0.000157	0.000006	15.000000	0.000000	0.000000	Infinity	0.000000	0.000000	1.000000	0.000561	0.296800	0.074944	0.000000
BUS_COACH_CNG_STOICH	12438.835378	621.942900	15.000000	0.000000	20.354495	Infinity	0.000000	0.700000	1.000000	0.296800	0.296800	0.074944	0.000000
BUS_COACH_FC_HYBRIDH2	0.000149	0.000006	15.000000	0.000000	0.000000	Infinity	0.000000	0.000000	1.000000	0.000548	0.296800	0.074944	0.000000
BUS_COACH_ELECTRIC	0.000266	0.000012	15.000000	0.000000	0.000000	Infinity	0.000000	0.000000	1.000000	0.001104	0.296800	0.074944	0.000000
TRAIN_PUB	0.003060	0.000110	40.000000	0.000000	0.000002	Infinity	0.000000	0.000000	0.500000	0.005593	0.275070	0.033427	0.000000
CAR_GASOLINE	21014.500007	1200.000000	10.000000	50.000000	50.000000	Infinity	0.000000	0.297614	1.000000	0.051370	0.051370	0.108434	0.000000
CAR_DIESEL	0.000060	0.000003	10.000000	0.000000	0.000000	Infinity	0.000000	0.000000	1.000000	0.000075	0.051370	0.108434	0.000000
CAR_NG	0.000084	0.000005	10.000000	0.000000	0.000000	Infinity	0.000000	0.000000	1.000000	0.000106	0.051370	0.108434	0.000000
CAR_METHANOL	0.000076	0.000004	10.000000	0.000000	0.000000	Infinity	0.000000	0.000000	1.000000	0.000097	0.051370	0.108434	0.000000
CAR_HEV	0.000049	0.000004	10.000000	0.000000	0.000000	Infinity	0.000000	0.000000	1.000000	0.000063	0.051370	0.108434	0.000000
CAR_PHEV	0.022339	0.001664	10.000000	0.000000	0.000049	Infinity	0.000000	0.000000	1.000000	0.015414	0.051370	0.108434	0.000000
CAR_BEV	51193.167564	1180.028296	10.000000	0.000000	118.002830	Infinity	0.000000	0.702386	1.000000	0.051370	0.051370	0.108434	0.000000
CAR_FUEL_CELL	0.000026	0.000000	10.000000	0.000000	0.000000	Infinity	0.000000	0.000000	1.000000	0.000000	0.051370	0.108434	0.000000
TRAIN_FREIGHT	737.033461	14.740046	40.000000	0.000000	7.058355	Infinity	0.000000	1.000000	1.000000	0.342470	0.342470	0.033427	0.000000
BOAT_FREIGHT_DIESEL	0.000022	0.000001	40.000000	0.000000	0.000000	Infinity	0.000000	0.000000	1.000000	0.000292	0.114160	0.033427	0.000000
BOAT_FREIGHT_NG	0.000031	0.000002	40.000000	0.000000	0.000000	Infinity	0.000000	0.000000	1.000000	0.000433	0.114160	0.033427	0.000000
BOAT_FREIGHT_METHANOL	1941.019235	97.049550	40.000000	0.000000	25.409337	Infinity	0.000000	1.000000	1.000000	0.114160	0.114160	0.033427	0.000000
TRUCK_DIESEL	12617.740009	630.888889	15.000000	34.000000	34.000000	Infinity	0.000000	0.723510	1.000000	0.092590	0.092590	0.074944	0.000000
TRUCK_METHANOL	4821.863328	241.093888	15.000000	0.000000	12.993084	Infinity	0.000000	0.276489	1.000000	0.092590	0.092590	0.074944	0.000000
TRUCK_FUEL_CELL	0.000103	0.000003	15.000000	0.000000	0.000000	Infinity	0.000000	0.000000	1.000000	0.000193	0.092590	0.074944	0.000000
TRUCK_ELEC	0.008718	0.000465	15.000000	0.000000	0.000020	Infinity	0.000000	0.000000	1.000000	0.018600	0.092590	0.074944	0.000000
TRUCK_NG	0.000040	0.000002	15.000000	0.000000	0.000000	Infinity	0.000000	0.000000	1.000000	0.000032	0.092590	0.074944	0.000000
HABER_BOSCH	0.001225	0.000024	20.000000	0.000000	0.000001	Infinity	0.000000	1.000000	1.000000	0.009233	1.000000	0.058246	0.000000
SYN_METHANOLATION	0.000652	0.000019	20.000000	0.000000	0.000000	Infinity	0.000000	0.249029	1.000000	0.000577	0.950000	0.058246	0.000000
METHANE_TO_METHANOL	0.000810	0.000035	25.000000	0.000000	0.000001	Infinity	0.000000	0.568748	1.000000	0.001319	0.850000	0.048263	0.000000
BIOMASS_TO_METHANOL	0.000733	0.000011	20.000000	0.000000	0.000000	Infinity	0.000000	0.182223	1.000000	0.000422	1.000000	0.058246	0.000000
OIL_TO_HVC	0.001171	0.000006	20.000000	0.000000	0.000003	Infinity	0.000000	0.000000	1.000000	0.003118	1.000000	0.058246	0.000000
GAS_TO_HVC	0.002084	0.000052	20.000000	0.000000	0.000003	Infinity	0.000000	0.000000	1.000000	0.002101	1.000000	0.058246	0.000000
METHANOL_TO_HVC	2978.650087	268.078508	20.000000	0.000000	4.272304	Infinity	0.000000	0.904501	1.000000	1.000000	1.000000	0.058246	0.000000
ADLIBIO_TO_HVC	410.934844	8.931405	20.000000	0.000000	0.451081	Infinity	0.000000	0.095499	1.000000	0.999998	1.000000	0.058246	428.391681
PHS	294.000259	0.000000	50.000000	5.000000	5.000004	6.500000	0.000000	-1.000000	1.000000	0.020556	1.000000	0.028572	
BATT_LI	0.003659	0.000006	15.000000	0.000000	0.000012	Infinity	0.000000	-1.000000	1.000000	0.002797	1.000000	0.074944	
BEV_BATT	0.000000	0.000000	1.000000	0.000000	117.066299	Infinity	0.000000	-1.000000	1.000000	0.004313	1.000000	1.015000	
PHEV_BATT	0.000000	0.000000	1.000000	0.000000	0.000010	Infinity	0.000000	-1.000000	1.000000	0.000756	1.000000	1.015000	
TS_DEC_DIRECT_ELEC	0.002413	0.000017	20.000000	0.000000	0.000127	Infinity	0.000000	-1.000000	1.000000	0.000581	1.000000	0.058246	
TS_DEC_HP_ELEC	975.313585	6.827848	20.000000	0.000000	51.413473	Infinity	0.000000	-1.000000	1.000000	0.028940	1.000000	0.058246	
TS_DEC_THHP_GAS	87.840385	0.614941	20.000000	0.000000	4.630489	Infinity	0.000000	-1.000000	1.000000	0.042236	1.000000	0.058246	
TS_DEC_COGEN_GAS	0.002406	0.000017	20.000000	0.000000	0.000127	Infinity	0.000000	-1.000000	1.000000	0.000660	1.000000	0.058246	
TS_DEC_COGEN_OIL	0.002382	0.000017	20.000000	0.000000	0.000126	Infinity	0.000000	-1.000000	1.000000	0.000750	1.000000	0.058246	
TS_DEC_ADVCOGEN_GAS	0.002408	0.000017	20.000000	0.000000	0.000127	Infinity	0.000000	-1.000000	1.000000	0.000532	1.000000	0.058246	
TS_DEC_ADVCOGEN_H2	0.002397	0.000017	20.000000	0.000000	0.000126	Infinity	0.000000	-1.000000	1.000000	0.000385	1.000000	0.058246	
TS_DEC_BOILER_GAS	0.002409	0.000017	20.000000	0.000000	0.000127	Infinity	0.000000	-1.000000	1.000000	0.000666	1.000000	0.058246	
TS_DEC_BOILER_WOOD	0.002403	0.000017	20.000000	0.000000	0.000127	Infinity	0.000000	-1.000000	1.000000	0.000679	1.000000	0.058246	
TS_DEC_BOILER_OIL	0.002402	0.000017	20.000000	0.000000	0.000127	Infinity	0.000000	-1.000000	1.000000	0.000634	1.000000	0.058246	
TS_DHN_DAILY	0.004195	0.000012	40.000000	0.000000	0.001398	Infinity	0.000000	-1.000000	1.000000	0.001080	1.000000	0.033427	
TS_DHN_SEASONAL	344.928955	1.889657	25.000000	0.000000	638.757325	Infinity	0.000000	-1.000000	1.000000	0.001495	1.000000	0.048263	
TS_HIGH_TEMP	93.326011	0.998851	25.000000	0.000000	3.329504	Infinity	0.000000	-1.000000	1.000000	0.036181	1.000000	0.048263	
GAS_STORAGE	47.956018	1.255646	50.000000	0.000000	959.120359	Infinity	0.000000	-1.000000	1.000000	0.000257	1.000000	0.028572	
H2_STORAGE	0.017613	0.001110	20.000000	0.000000	0.002845	Infinity	0.000000	-1.000000	1.000000	0.000014	1.000000	0.058246	
DIESEL_STORAGE	0.017918	0.000711	20.000000	0.000000	1.791756	Infinity	0.000000	-1.000000	1.000000	0.000017	1.000000	0.058246	
GASOLINE_STORAGE	0.018924	0.000751	20.000000	0.000000	1.892394	Infinity	0.000000	-1.000000	1.000000	0.000093	1.000000	0.058246	
LFO_STORAGE	0.016892	0.000671	20.000000	0.000000	1.689211	Infinity	0.000000	-1.000000	1.000000	0.000000	1.000000	0.058246	
AMMONIA_STORAGE	0.000069	0.000003	20.000000	0.000000	0.006894	Infinity	0.000000	-1.000000	1.000000	0.000040	1.000000	0.058246	
METHANOL_STORAGE	0.000003	0.000000	20.000000	0.000000	0.000253	Infinity	0.000000	-1.000000	1.000000	0.000003	1.000000	0.058246	
CO2_STORAGE	0.049931	0.000499	30.000000	0.000000	0.001009	Infinity	0.000000	-1.000000	1.000000	0.000006	1.000000	0.041639	
ADLIBIO_TO_FUEL	0.011271	0.000206	20.000000	0.000000	0.000016	Infinity	0.000000	-1.000000	1.000000	0.144437	1.000000	0.058246	
AMMONIA_TO_H2	0.000362	0.000033	25.000000	0.000000	0.000001	Infinity	0.000000	-1.000000	1.000000	0.000430	0.860000	0.048263	
ATM_CCS	0.000973	0.000024	40.000000	0.000000	0.000000	Infinity	0.000000	-1.000000	1.000000	0.000201	1.000000	0.033427	
BIO_HYDROLYSIS	3517.889380	239.851966	15.000000	0.000000	2.209854	Infinity	0.000000	-1.000000	1.000000	0.850000	0.850000	0.074944	
BIOMETHANATION	0.017466	0.000242	20.000000	0.000000	0.000018	Infinity	0.000000	-1.000000	1.000000	0.096515	0.850000	0.058246	
DHN	6645.359329	0.000000	60.000000	0.000000	8.046398	Infinity	0.000000	-1.000000	1.000000	0.000000	1.000000	0.025393	
EFFICIENCY	5517.241379	0.000000	1.000000	0.000000	0.985222	Infinity	0.000000	-1.000000	1.000000	0.000000	1.000000	1.015000	
GASIFICATION_SNG	0.000622	0.000044	25.000000	0.000000	0.000000	Infinity	0.000000	-1.000000	1.000000	0.000845	0.850000	0.048263	
GRID	94420.593599	0.000000	80.000000	0.000000	1.260301	Infinity	0.000000	-1.000000	1.000000	0.000000	1.000000	0.021548	
H2_BIOMASS	1650.518622	116.277104	25.000000	0.000000	0.653570	Infinity	0.000000	-1.000000	1.000000	0.860000	0.860000	0.048263	
H2_ELECTROLYSIS	0.003123	0.000086	15.000000	0.000000	0.000004	Infinity	0.000000	-1.000000	1.000000	0.005343	0.900000	0.074944	
INDUSTRY_CCS	0.000900	0.000022	40.000000	0.000000	0.000000	Infinity	0.000000	-1.000000	1.000000	0.000204	1.000000	0.033427	
REDIFUEL	0.001932	0.000052	20.000000	0.000000	0.000000	Infinity	0.000000	-1.000000	1.000000	0.000313	1.000000	0.058246	
SMR	0.017230	0.001590	25.000000	0.000000	0.000025	Infinity	0.000000	-1.000000	1.000000	0.117867	0.860000	0.048263	
SYN_METHANATION	0.000191	0.000049	40.000000	0.000000	0.000001	Infinity	0.000000	-1.000000	1.000000	0.001127	1.000000	0.033427	