Name	C_inv	C_maint	C_op
NUCLEAR	0.000000	0.000000	0.000000
CCGT	0.000077	0.000041	0.000000
CCGT_AMMONIA	0.000031	0.000016	0.000000
COAL_US	0.000000	0.000000	0.000000
COAL_IGCC	0.000000	0.000000	0.000000
PV	1554.529139	367.831989	0.000000
WIND_ONSHORE	433.047558	120.960000	0.000000
WIND_OFFSHORE	1242.837330	207.666000	0.000000
HYDRO_RIVER	19.393261	5.801152	0.000000
GEOTHERMAL	0.000000	0.000000	0.000000
IND_COGEN_GAS	195.013530	259.726296	0.000000
IND_COGEN_WOOD	0.000097	0.000074	0.000000
IND_COGEN_WASTE	0.000034	0.000026	0.000000
IND_BOILER_GAS	30.436772	9.090885	0.000000
IND_BOILER_WOOD	0.000037	0.000011	0.000000
IND_BOILER_OIL	0.000033	0.000011	0.000000
IND_BOILER_COAL	19.760426	5.891596	0.000000
IND_BOILER_WASTE	18.679380	5.569280	0.000000
IND_DIRECT_ELEC	1.685531	0.102026	0.000000
DHN_HP_ELEC	92.074045	64.689878	0.000000
DHN_COGEN_GAS	152.143910	92.168363	0.000000
DHN_COGEN_WOOD	0.000029	0.000022	0.000000
DHN_COGEN_WASTE	0.000030	0.000023	0.000000
DHN_COGEN_WET_BIOMASS	0.000023	0.000039	0.000000
DHN_COGEN_BIO_HYDROLYSIS	0.000035	0.000023	0.000000
DHN_BOILER_GAS	0.000007	0.000002	0.000000
DHN_BOILER_WOOD	0.000011	0.000003	0.000000
DHN_BOILER_OIL	0.000007	0.000002	0.000000
DHN_DEEP_GEO	0.000000	0.000000	0.000000
DHN_SOLAR	0.000018	0.000001	0.000000
DEC_HP_ELEC	527.961218	345.003207	0.000000
DEC_THHP_GAS	48.579122	24.376697	0.000000
DEC_COGEN_GAS	0.000078	0.000086	0.000000
DEC_COGEN_OIL	0.000067	0.000071	0.000000
DEC_ADVCOGEN_GAS	0.000119	0.000038	0.000000
DEC_ADVCOGEN_H2	0.000094	0.000030	0.000000
DEC_BOILER_GAS	0.000055	0.000025	0.000000
DEC_BOILER_WOOD	0.000048	0.000025	0.000000
DEC_BOILER_OIL	0.000043	0.000038	0.000000
DEC_SOLAR	0.000331	0.000063	0.000000
DEC_DIRECT_ELEC	0.000078	0.000005	0.000000
TRAMWAY_TROLLEY	196.746601	94.500690	0.000000
BUS_COACH_DIESEL	0.000007	0.000005	0.000000
BUS_COACH_HYDIESEL	0.000012	0.000006	0.000000
BUS_COACH_CNG_STOICH	932.220502	621.942900	0.000000
BUS_COACH_FC_HYBRIDH2	0.000011	0.000006	0.000000
BUS_COACH_ELECTRIC	0.000020	0.000012	0.000000
TRAIN_PUB	0.000102	0.000110	0.000000
CAR_GASOLINE	2278.690032	1200.000000	0.000000
CAR_DIESEL	0.000006	0.000003	0.000000
CAR_NG	0.000009	0.000005	0.000000
CAR_METHANOL	0.000008	0.000004	0.000000
CAR_HEV	0.000005	0.000004	0.000000
CAR_PHEV	0.002422	0.001664	0.000000
CAR_BEV	5551.089037	1180.028296	0.000000
CAR_FUEL_CELL	0.000003	0.000000	0.000000
TRAIN_FREIGHT	24.636892	14.740046	0.000000
BOAT_FREIGHT_DIESEL	0.000001	0.000001	0.000000
BOAT_FREIGHT_NG	0.000001	0.000002	0.000000
BOAT_FREIGHT_METHANOL	64.882647	97.049550	0.000000
TRUCK_DIESEL	945.628395	630.888889	0.000000
TRUCK_METHANOL	361.371440	241.093888	0.000000
TRUCK_FUEL_CELL	0.000008	0.000003	0.000000
TRUCK_ELEC	0.000653	0.000465	0.000000
TRUCK_NG	0.000003	0.000002	0.000000
HABER_BOSCH	0.000071	0.000024	0.000000
SYN_METHANOLATION	0.000038	0.000019	0.000000
METHANE_TO_METHANOL	0.000039	0.000035	0.000000
BIOMASS_TO_METHANOL	0.000043	0.000011	0.000000
OIL_TO_HVC	0.000068	0.000006	0.000000
GAS_TO_HVC	0.000121	0.000052	0.000000
METHANOL_TO_HVC	173.493666	268.078508	0.000000
ADLIBIO_TO_HVC	23.935202	8.931405	0.000000
PHS	8.400082	0.000000	0.000000
BATT_LI	0.000274	0.000006	0.000000
BEV_BATT	0.000000	0.000000	0.000000
PHEV_BATT	0.000000	0.000000	0.000000
TS_DEC_DIRECT_ELEC	0.000141	0.000017	0.000000
TS_DEC_HP_ELEC	56.807857	6.827848	0.000000
TS_DEC_THHP_GAS	5.116328	0.614941	0.000000
TS_DEC_COGEN_GAS	0.000140	0.000017	0.000000
TS_DEC_COGEN_OIL	0.000139	0.000017	0.000000
TS_DEC_ADVCOGEN_GAS	0.000140	0.000017	0.000000
TS_DEC_ADVCOGEN_H2	0.000140	0.000017	0.000000
TS_DEC_BOILER_GAS	0.000140	0.000017	0.000000
TS_DEC_BOILER_WOOD	0.000140	0.000017	0.000000
TS_DEC_BOILER_OIL	0.000140	0.000017	0.000000
TS_DHN_DAILY	0.000140	0.000012	0.000000
TS_DHN_SEASONAL	16.647463	1.889657	0.000000
TS_HIGH_TEMP	4.504236	0.998851	0.000000
GAS_STORAGE	1.370184	1.255646	0.000000
H2_STORAGE	0.001026	0.001110	0.000000
DIESEL_STORAGE	0.001044	0.000711	0.000000
GASOLINE_STORAGE	0.001102	0.000751	0.000000
LFO_STORAGE	0.000984	0.000671	0.000000
AMMONIA_STORAGE	0.000004	0.000003	0.000000
METHANOL_STORAGE	0.000000	0.000000	0.000000
CO2_STORAGE	0.002079	0.000499	0.000000
ADLIBIO_TO_FUEL	0.000656	0.000206	0.000000
AMMONIA_TO_H2	0.000017	0.000033	0.000000
ATM_CCS	0.000033	0.000024	0.000000
BIO_HYDROLYSIS	263.645953	239.851966	0.000000
BIOMETHANATION	0.001017	0.000242	0.000000
DHN	168.748450	0.000000	0.000000
EFFICIENCY	5600.000000	0.000000	0.000000
GASIFICATION_SNG	0.000030	0.000044	0.000000
GRID	2034.605456	0.000000	0.000000
H2_BIOMASS	79.659729	116.277104	0.000000
H2_ELECTROLYSIS	0.000234	0.000086	0.000000
INDUSTRY_CCS	0.000030	0.000022	0.000000
REDIFUEL	0.000113	0.000052	0.000000
SMR	0.000832	0.001590	0.000000
SYN_METHANATION	0.000006	0.000049	0.000000
AMMONIA	0.000000	0.000000	0.000038
AMMONIA_RE_BE	0.000000	0.000000	0.000000
AMMONIA_RE_IMPORT	0.000000	0.000000	1118.735557
BIODIESEL	0.000000	0.000000	0.000063
BIODIESEL_BE	0.000000	0.000000	0.000000
BIOETHANOL	0.000000	0.000000	0.000099
CO2_ATM	0.000000	0.000000	0.000000
CO2_CAPTURED	0.000000	0.000000	0.000000
CO2_EMISSIONS	0.000000	0.000000	0.000000
CO2_INDUSTRY	0.000000	0.000000	0.000000
COAL	0.000000	0.000000	341.989830
DIESEL	0.000000	0.000000	897.338408
ELEC_EXPORT	0.000000	0.000000	0.000000
ELECTRICITY	0.000000	0.000000	1756.919890
GAS	0.000000	0.000000	4678.286791
GAS_RE_BE	0.000000	0.000000	0.000000
GAS_RE_IMPORT	0.000000	0.000000	0.000000
GASOLINE	0.000000	0.000000	732.895848
H2	0.000000	0.000000	0.000001
H2_RE_BE	0.000000	0.000000	0.000000
H2_RE_IMPORT	0.000000	0.000000	0.001384
LFO	0.000000	0.000000	0.000684
LFO_RE_BE	0.000000	0.000000	0.000000
METHANOL	0.000000	0.000000	1949.096409
METHANOL_RE_BE	0.000000	0.000000	0.000000
METHANOL_RE_IMPORT	0.000000	0.000000	0.000065
RES_GEO	0.000000	0.000000	0.000000
RES_HYDRO	0.000000	0.000000	0.000000
RES_SOLAR	0.000000	0.000000	0.000000
RES_WIND	0.000000	0.000000	0.000000
URANIUM	0.000000	0.000000	0.000000
WASTE	0.000000	0.000000	377.143381
WET_BIOMASS	0.000000	0.000000	205.595167
WOOD	0.000000	0.000000	767.519999
WOOD_PRODUCTION	0.000000	0.000000	0.000366
