Name	LCA_tech	LCA_res	LCA_op
NUCLEAR	0.000000	0.000000	0.000000
CCGT	0.000011	0.000000	0.002955
CCGT_AMMONIA	0.000005	0.000000	0.000001
COAL_US	0.000000	0.000000	0.000000
COAL_IGCC	0.000000	0.000000	0.000000
PV	822.403353	0.000000	0.000000
WIND_ONSHORE	133.608580	0.000000	2.137962
WIND_OFFSHORE	118.263261	0.000000	3.022923
HYDRO_RIVER	3.051277	0.000000	0.009650
GEOTHERMAL	0.000000	0.000000	0.000000
IND_COGEN_GAS	39.405886	0.000000	8480.148505
IND_COGEN_WOOD	0.000012	0.000000	0.005438
IND_COGEN_WASTE	0.000006	0.000000	0.000387
IND_BOILER_GAS	4.004367	0.000000	2256.308858
IND_BOILER_WOOD	0.000018	0.000000	0.003210
IND_BOILER_OIL	0.000005	0.000000	0.000617
IND_BOILER_COAL	12.860356	0.000000	7326.224972
IND_BOILER_WASTE	9.329341	0.000000	4896.345498
IND_DIRECT_ELEC	0.004580	0.000000	0.000000
DHN_HP_ELEC	27.222776	0.000000	394.156989
DHN_COGEN_GAS	16.026290	0.000000	6764.456768
DHN_COGEN_WOOD	0.000002	0.000000	0.000563
DHN_COGEN_WASTE	0.000006	0.000000	0.000299
DHN_COGEN_WET_BIOMASS	0.000056	0.000000	0.002879
DHN_COGEN_BIO_HYDROLYSIS	0.000002	0.000000	0.000390
DHN_BOILER_GAS	0.000001	0.000000	0.000199
DHN_BOILER_WOOD	0.000005	0.000000	0.000372
DHN_BOILER_OIL	0.000001	0.000000	0.000216
DHN_DEEP_GEO	0.000000	0.000000	0.000000
DHN_SOLAR	0.000070	0.000000	0.000000
DEC_HP_ELEC	114.905160	0.000000	1167.702872
DEC_THHP_GAS	39.250554	0.000000	1302.899046
DEC_COGEN_GAS	0.000025	0.000000	0.001036
DEC_COGEN_OIL	0.000023	0.000000	0.001211
DEC_ADVCOGEN_GAS	0.000016	0.000000	0.000738
DEC_ADVCOGEN_H2	0.000013	0.000000	0.000002
DEC_BOILER_GAS	0.000009	0.000000	0.000280
DEC_BOILER_WOOD	0.000021	0.000000	0.000803
DEC_BOILER_OIL	0.000008	0.000000	0.000423
DEC_SOLAR	0.000707	0.000000	0.000000
DEC_DIRECT_ELEC	0.000002	0.000000	0.000000
TRAMWAY_TROLLEY	6.777617	0.000000	0.000000
BUS_COACH_DIESEL	0.000002	0.000000	0.000030
BUS_COACH_HYDIESEL	0.000002	0.000000	0.000027
BUS_COACH_CNG_STOICH	246.864046	0.000000	3898.553178
BUS_COACH_FC_HYBRIDH2	0.000003	0.000000	0.000001
BUS_COACH_ELECTRIC	0.000006	0.000000	0.000003
TRAIN_PUB	0.000003	0.000000	0.000001
CAR_GASOLINE	807.192494	0.000000	3184.409391
CAR_DIESEL	0.000002	0.000000	0.000008
CAR_NG	0.000003	0.000000	0.000009
CAR_METHANOL	0.000003	0.000000	0.000011
CAR_HEV	0.000002	0.000000	0.000005
CAR_PHEV	0.000958	0.000000	0.000521
CAR_BEV	2866.916068	0.000000	465.654537
CAR_FUEL_CELL	0.000002	0.000000	0.000002
TRAIN_FREIGHT	28.944183	0.000000	48.205783
BOAT_FREIGHT_DIESEL	0.000000	0.000000	0.000008
BOAT_FREIGHT_NG	0.000000	0.000000	0.000013
BOAT_FREIGHT_METHANOL	19.784965	0.000000	857.363989
TRUCK_DIESEL	337.456016	0.000000	3930.810762
TRUCK_METHANOL	125.843190	0.000000	1726.240747
TRUCK_FUEL_CELL	0.000003	0.000000	0.000000
TRUCK_ELEC	0.000291	0.000000	0.000006
TRUCK_NG	0.000001	0.000000	0.000004
HABER_BOSCH	0.000153	0.000000	0.000009
SYN_METHANOLATION	0.000039	0.000000	0.000003
METHANE_TO_METHANOL	0.000002	0.000000	0.000005
BIOMASS_TO_METHANOL	0.000029	0.000000	0.000228
OIL_TO_HVC	0.000125	0.000000	0.001280
GAS_TO_HVC	0.000110	0.000000	0.001021
METHANOL_TO_HVC	180.404710	0.000000	9571.105891
ADLIBIO_TO_HVC	19.047604	0.000000	1851.124675
PHS	546.175958	0.000000	0.000000
BATT_LI	0.000065	0.000000	0.000000
BEV_BATT	0.000000	0.000000	0.000000
PHEV_BATT	0.000786	0.000000	0.000000
TS_DEC_DIRECT_ELEC	0.000037	0.000000	0.000000
TS_DEC_HP_ELEC	14.838753	0.000000	0.000000
TS_DEC_THHP_GAS	1.336433	0.000000	0.000000
TS_DEC_COGEN_GAS	0.000037	0.000000	0.000000
TS_DEC_COGEN_OIL	0.000036	0.000000	0.000000
TS_DEC_ADVCOGEN_GAS	0.000037	0.000000	0.000000
TS_DEC_ADVCOGEN_H2	0.000036	0.000000	0.000000
TS_DEC_BOILER_GAS	0.000037	0.000000	0.000000
TS_DEC_BOILER_WOOD	0.000037	0.000000	0.000000
TS_DEC_BOILER_OIL	0.000037	0.000000	0.000000
TS_DHN_DAILY	0.000202	0.000000	0.000000
TS_DHN_SEASONAL	147.484484	0.000000	0.000000
TS_HIGH_TEMP	0.768759	0.000000	0.000000
GAS_STORAGE	540.152949	0.000000	0.000000
H2_STORAGE	0.001575	0.000000	0.000000
DIESEL_STORAGE	0.002456	0.000000	0.000000
GASOLINE_STORAGE	0.002684	0.000000	0.000000
LFO_STORAGE	0.001882	0.000000	0.000000
AMMONIA_STORAGE	0.024358	0.000000	0.000000
METHANOL_STORAGE	0.025584	0.000000	0.000000
CO2_STORAGE	0.000481	0.000000	0.000000
ADLIBIO_TO_FUEL	0.000709	0.000000	0.000000
AMMONIA_TO_H2	0.000010	0.000000	0.000000
ATM_CCS	0.000005	0.000000	-0.000160
BIO_HYDROLYSIS	13.334849	0.000000	10124.488538
BIOMETHANATION	0.001651	0.000000	0.071249
DHN	0.000000	0.000000	0.000000
EFFICIENCY	0.000000	0.000000	0.000000
GASIFICATION_SNG	0.000001	0.000000	0.000296
GRID	22.018529	0.000000	0.000000
H2_BIOMASS	2.366288	0.000000	1.558765
H2_ELECTROLYSIS	0.000046	0.000000	0.000000
INDUSTRY_CCS	0.000000	0.000000	0.000033
REDIFUEL	0.000016	0.000000	0.000256
SMR	0.000000	0.000000	0.026601
SYN_METHANATION	0.000002	0.000000	0.000000
AMMONIA	0.000000	0.001468	0.000000
AMMONIA_RE_BE	0.000000	0.000000	0.000000
AMMONIA_RE_IMPORT	0.000000	773.352286	0.000000
BIODIESEL	0.000000	-0.000044	0.000000
BIODIESEL_BE	0.000000	0.000000	0.000000
BIOETHANOL	0.000000	-0.000052	0.000000
CO2_ATM	0.000000	0.000000	0.000000
CO2_CAPTURED	0.000000	0.000000	0.000000
CO2_EMISSIONS	0.000000	0.000000	0.000000
CO2_INDUSTRY	0.000000	0.000000	0.000000
COAL	0.000000	833.801236	0.000000
DIESEL	0.000000	521.323742	0.000000
ELEC_EXPORT	0.000000	0.000000	0.000000
ELECTRICITY	0.000000	1100.911966	0.000000
GAS	0.000000	6068.796633	0.000000
GAS_RE_BE	0.000000	0.000000	0.000000
GAS_RE_IMPORT	0.000000	-0.000000	0.000000
GASOLINE	0.000000	560.138556	0.000000
H2	0.000000	0.000003	0.000000
H2_RE_BE	0.000000	0.000000	0.000000
H2_RE_IMPORT	0.000000	0.001207	0.000000
LFO	0.000000	0.000531	0.000000
LFO_RE_BE	0.000000	0.000000	0.000000
METHANOL	0.000000	4315.621910	0.000000
METHANOL_RE_BE	0.000000	0.000000	0.000000
METHANOL_RE_IMPORT	0.000000	-0.000026	0.000000
RES_GEO	0.000000	0.000000	0.000000
RES_HYDRO	0.000000	0.000000	0.000000
RES_SOLAR	0.000000	0.000000	0.000000
RES_WIND	0.000000	0.000000	0.000000
URANIUM	0.000000	0.000000	0.000000
WASTE	0.000000	0.000000	0.000000
WET_BIOMASS	0.000000	-16198.327606	0.000000
WOOD	0.000000	-7496.776408	0.000000
WOOD_PRODUCTION	0.000000	-0.001530	0.000000
