Name	LCA_tech	LCA_res	LCA_op
NUCLEAR	0.000000	0.000000	0.000000
CCGT	0.000019	0.000000	0.005566
CCGT_AMMONIA	0.000006	0.000000	0.000001
COAL_US	0.000000	0.000000	0.000000
COAL_IGCC	0.000000	0.000000	0.000000
PV	823.234501	0.000000	0.000000
WIND_ONSHORE	133.608580	0.000000	2.138608
WIND_OFFSHORE	118.263261	0.000000	3.023665
HYDRO_RIVER	3.051277	0.000000	0.009650
GEOTHERMAL	0.000000	0.000000	0.000000
IND_COGEN_GAS	33.260162	0.000000	7157.588565
IND_COGEN_WOOD	0.000006	0.000000	0.001727
IND_COGEN_WASTE	0.000007	0.000000	0.000625
IND_BOILER_GAS	3.837188	0.000000	2139.547017
IND_BOILER_WOOD	0.000019	0.000000	0.001405
IND_BOILER_OIL	0.000006	0.000000	0.000723
IND_BOILER_COAL	12.834217	0.000000	7307.373993
IND_BOILER_WASTE	9.480618	0.000000	4896.344465
IND_DIRECT_ELEC	0.012182	0.000000	0.000000
DHN_HP_ELEC	25.941591	0.000000	364.759846
DHN_COGEN_GAS	17.843125	0.000000	7640.413194
DHN_COGEN_WOOD	0.000002	0.000000	0.000596
DHN_COGEN_WASTE	0.000006	0.000000	0.000494
DHN_COGEN_WET_BIOMASS	0.000067	0.000000	0.003242
DHN_COGEN_BIO_HYDROLYSIS	0.000002	0.000000	0.000716
DHN_BOILER_GAS	0.000001	0.000000	0.000280
DHN_BOILER_WOOD	0.000006	0.000000	0.000511
DHN_BOILER_OIL	0.000001	0.000000	0.000292
DHN_DEEP_GEO	0.000000	0.000000	0.000000
DHN_SOLAR	0.000054	0.000000	0.000000
DEC_HP_ELEC	115.648821	0.000000	1174.963879
DEC_THHP_GAS	37.633648	0.000000	1248.673342
DEC_COGEN_GAS	0.000029	0.000000	0.001311
DEC_COGEN_OIL	0.000024	0.000000	0.001193
DEC_ADVCOGEN_GAS	0.000019	0.000000	0.001043
DEC_ADVCOGEN_H2	0.000013	0.000000	0.000002
DEC_BOILER_GAS	0.000010	0.000000	0.000419
DEC_BOILER_WOOD	0.000029	0.000000	0.000912
DEC_BOILER_OIL	0.000009	0.000000	0.000555
DEC_SOLAR	0.000748	0.000000	0.000000
DEC_DIRECT_ELEC	0.000002	0.000000	0.000000
TRAMWAY_TROLLEY	6.777617	0.000000	0.000000
BUS_COACH_DIESEL	0.000009	0.000000	0.000144
BUS_COACH_HYDIESEL	0.000002	0.000000	0.000028
BUS_COACH_CNG_STOICH	246.863777	0.000000	3898.548930
BUS_COACH_FC_HYBRIDH2	0.000003	0.000000	0.000001
BUS_COACH_ELECTRIC	0.000004	0.000000	0.000002
TRAIN_PUB	0.000033	0.000000	0.000007
CAR_GASOLINE	807.192494	0.000000	3184.409323
CAR_DIESEL	0.000002	0.000000	0.000009
CAR_NG	0.000003	0.000000	0.000009
CAR_METHANOL	0.000003	0.000000	0.000012
CAR_HEV	0.000002	0.000000	0.000006
CAR_PHEV	0.001045	0.000000	0.000564
CAR_BEV	2866.916036	0.000000	465.654531
CAR_FUEL_CELL	0.000002	0.000000	0.000138
TRAIN_FREIGHT	28.944183	0.000000	48.205783
BOAT_FREIGHT_DIESEL	0.000007	0.000000	0.000256
BOAT_FREIGHT_NG	0.000001	0.000000	0.000043
BOAT_FREIGHT_METHANOL	19.784957	0.000000	857.363673
TRUCK_DIESEL	337.456016	0.000000	3930.810740
TRUCK_METHANOL	125.843470	0.000000	1726.244597
TRUCK_FUEL_CELL	0.000001	0.000000	0.000000
TRUCK_ELEC	0.000344	0.000000	0.000007
TRUCK_NG	0.000002	0.000000	0.000021
HABER_BOSCH	0.000244	0.000000	0.000009
SYN_METHANOLATION	0.000037	0.000000	0.000003
METHANE_TO_METHANOL	0.000002	0.000000	0.000005
BIOMASS_TO_METHANOL	0.000029	0.000000	0.000356
OIL_TO_HVC	0.000075	0.000000	0.000541
GAS_TO_HVC	0.000038	0.000000	0.000411
METHANOL_TO_HVC	199.452281	0.000000	10581.647009
ADLIBIO_TO_HVC	0.000035	0.000000	0.000675
PHS	546.175585	0.000000	0.000000
BATT_LI	0.000066	0.000000	0.000000
BEV_BATT	0.000000	0.000000	0.000000
PHEV_BATT	0.000857	0.000000	0.000000
TS_DEC_DIRECT_ELEC	0.000042	0.000000	0.000000
TS_DEC_HP_ELEC	14.934792	0.000000	0.000000
TS_DEC_THHP_GAS	1.230573	0.000000	0.000000
TS_DEC_COGEN_GAS	0.000042	0.000000	0.000000
TS_DEC_COGEN_OIL	0.000041	0.000000	0.000000
TS_DEC_ADVCOGEN_GAS	0.000042	0.000000	0.000000
TS_DEC_ADVCOGEN_H2	0.000042	0.000000	0.000000
TS_DEC_BOILER_GAS	0.000042	0.000000	0.000000
TS_DEC_BOILER_WOOD	0.000042	0.000000	0.000000
TS_DEC_BOILER_OIL	0.000042	0.000000	0.000000
TS_DHN_DAILY	0.000246	0.000000	0.000000
TS_DHN_SEASONAL	138.915767	0.000000	0.000000
TS_HIGH_TEMP	0.653427	0.000000	0.000000
GAS_STORAGE	447.142938	0.000000	0.000000
H2_STORAGE	0.119564	0.000000	0.000000
DIESEL_STORAGE	0.003543	0.000000	0.000000
GASOLINE_STORAGE	0.465721	0.000000	0.000000
LFO_STORAGE	0.004032	0.000000	0.000000
AMMONIA_STORAGE	0.024937	0.000000	0.000000
METHANOL_STORAGE	0.028594	0.000000	0.000000
CO2_STORAGE	0.000519	0.000000	0.000000
ADLIBIO_TO_FUEL	62.003934	0.000000	0.000000
AMMONIA_TO_H2	0.000010	0.000000	0.000000
ATM_CCS	0.000005	0.000000	-0.000129
BIO_HYDROLYSIS	13.334869	0.000000	10124.503584
BIOMETHANATION	0.001202	0.000000	0.056364
DHN	0.000000	0.000000	0.000000
EFFICIENCY	0.000000	0.000000	0.000000
GASIFICATION_SNG	0.000001	0.000000	0.000362
GRID	22.021738	0.000000	0.000000
H2_BIOMASS	0.978054	0.000000	0.644282
H2_ELECTROLYSIS	0.000022	0.000000	0.000000
INDUSTRY_CCS	0.000000	0.000000	0.000042
REDIFUEL	0.000009	0.000000	0.000214
SMR	0.000000	0.000000	1449.977430
SYN_METHANATION	0.000002	0.000000	0.000000
AMMONIA	0.000000	0.001562	0.000000
AMMONIA_RE_BE	0.000000	0.000000	0.000000
AMMONIA_RE_IMPORT	0.000000	773.352286	0.000000
BIODIESEL	0.000000	-0.000081	0.000000
BIODIESEL_BE	0.000000	0.000000	0.000000
BIOETHANOL	0.000000	-0.000021	0.000000
CO2_ATM	0.000000	0.000000	0.000000
CO2_CAPTURED	0.000000	0.000000	0.000000
CO2_EMISSIONS	0.000000	0.000000	0.000000
CO2_INDUSTRY	0.000000	0.000000	0.000000
COAL	0.000000	831.655797	0.000000
DIESEL	0.000000	521.323776	0.000000
ELEC_EXPORT	0.000000	0.000000	0.000000
ELECTRICITY	0.000000	1100.911949	0.000000
GAS	0.000000	6358.181320	0.000000
GAS_RE_BE	0.000000	0.000000	0.000000
GAS_RE_IMPORT	0.000000	-0.000000	0.000000
GASOLINE	0.000000	0.000136	0.000000
H2	0.000000	0.000010	0.000000
H2_RE_BE	0.000000	0.000000	0.000000
H2_RE_IMPORT	0.000000	0.000000	0.000000
LFO	0.000000	0.000465	0.000000
LFO_RE_BE	0.000000	0.000000	0.000000
METHANOL	0.000000	4684.832589	0.000000
METHANOL_RE_BE	0.000000	0.000000	0.000000
METHANOL_RE_IMPORT	0.000000	-0.000029	0.000000
RES_GEO	0.000000	0.000000	0.000000
RES_HYDRO	0.000000	0.000000	0.000000
RES_SOLAR	0.000000	0.000000	0.000000
RES_WIND	0.000000	0.000000	0.000000
URANIUM	0.000000	0.000000	0.000000
WASTE	0.000000	0.000000	0.000000
WET_BIOMASS	0.000000	-16198.327641	0.000000
WOOD	0.000000	-7496.776424	0.000000
WOOD_PRODUCTION	0.000000	-0.000718	0.000000
