TECHNOLOGIES	 c_inv	 c_maint	 lifetime	  f_min	 f	 f_max	 fmin_perc	f_perc	 fmax_perc	 c_p	 c_p_max	 tau	 gwp_constr
 UNITS	[M€/GW]	 [M€/GW/y]	 [y]	 [GW or GWh]	 [GW or GWh]	 [GW or GWh]	 [0-1]	 [0-1]	 [0-1]	 [0-1]	 [0-1]	 [-]	 [ktCO2-eq./GW or GWh]
NUCLEAR	0.000000	0.000000	60.000000	0.000000	0.000000	0.000000	0.000000	0.000000	1.000000	0.000000	0.849000	0.025393	0.000000
CCGT	0.010690	0.000271	25.000000	0.000000	0.000014	Infinity	0.000000	0.000001	1.000000	0.057944	0.961540	0.048263	0.002545
CCGT_AMMONIA	0.000661	0.000017	25.000000	0.000000	0.000001	Infinity	0.000000	0.000000	1.000000	0.000324	0.630000	0.048263	0.000157
COAL_US	0.000000	0.000000	35.000000	0.000000	0.000000	0.000000	0.000000	0.000000	1.000000	0.000000	0.868000	0.036934	0.000000
COAL_IGCC	0.000000	0.000000	35.000000	0.000000	0.000000	0.000000	0.000000	0.000000	1.000000	0.000000	0.856000	0.036934	0.000000
PV	32580.905600	372.076446	25.000000	0.000000	37.449317	59.200000	0.000000	0.492389	1.000000	0.116632	1.000000	0.048263	77948.131429
WIND_ONSHORE	10399.999995	120.960000	30.000000	0.000000	10.000000	10.000000	0.000000	0.253673	1.000000	0.225024	1.000000	0.041639	6228.499997
WIND_OFFSHORE	29847.779991	207.666000	30.000000	0.000000	6.000000	6.000000	0.000000	0.247927	1.000000	0.366545	1.000000	0.041639	3737.099999
HYDRO_RIVER	580.165797	5.801152	40.000000	0.000000	0.115000	0.115000	0.000000	0.006010	1.000000	0.463564	1.000000	0.033427	145.224299
GEOTHERMAL	0.000000	0.000000	30.000000	0.000000	0.000000	0.000000	0.000000	0.000000	1.000000	0.000000	0.950000	0.041639	0.000000
IND_COGEN_GAS	1605.450511	103.196864	25.000000	0.000000	1.140210	Infinity	0.000000	0.138506	1.000000	0.850000	0.850000	0.048263	1167.940362
IND_COGEN_WOOD	0.001664	0.000061	25.000000	0.000000	0.000002	Infinity	0.000000	0.000000	1.000000	0.009030	0.850000	0.048263	0.000255
IND_COGEN_WASTE	0.000773	0.000029	25.000000	0.000000	0.000000	Infinity	0.000000	0.000000	1.000000	0.000508	0.850000	0.048263	0.000171
IND_BOILER_GAS	392.091652	7.855720	17.000000	0.000000	6.658035	Infinity	0.000000	0.163227	1.000000	0.171546	0.950000	0.067080	82.026985
IND_BOILER_WOOD	0.000516	0.000010	17.000000	0.000000	0.000004	Infinity	0.000000	0.000000	1.000000	0.006628	0.900000	0.067080	0.000129
IND_BOILER_OIL	0.000486	0.000010	17.000000	0.000000	0.000009	Infinity	0.000000	0.000000	1.000000	0.002017	0.950000	0.067080	0.000109
IND_BOILER_COAL	433.533874	8.670627	17.000000	0.000000	3.763968	Infinity	0.000000	0.446209	1.000000	0.829524	0.900000	0.067080	181.347995
IND_BOILER_WASTE	257.327795	5.146526	17.000000	0.000000	2.234136	Infinity	0.000000	0.238121	1.000000	0.745803	0.900000	0.067080	64.499509
IND_DIRECT_ELEC	394.795451	1.790956	15.000000	0.000000	1.187926	Infinity	0.000000	0.013938	1.000000	0.082102	0.950000	0.074944	1.746252
DHN_HP_ELEC	1528.105133	51.816818	25.000000	0.000000	4.432374	Infinity	0.000000	0.444565	1.000000	0.535576	0.950000	0.048263	774.734587
DHN_COGEN_GAS	4641.241750	135.700014	25.000000	0.000000	3.699704	Infinity	0.000000	0.555434	1.000000	0.801656	0.850000	0.048263	1816.110731
DHN_COGEN_WOOD	0.000596	0.000022	25.000000	0.000000	0.000001	Infinity	0.000000	0.000000	1.000000	0.000953	0.850000	0.048263	0.000091
DHN_COGEN_WASTE	0.000692	0.000025	25.000000	0.000000	0.000000	Infinity	0.000000	0.000000	1.000000	0.000394	0.850000	0.048263	0.000153
DHN_COGEN_WET_BIOMASS	0.000446	0.000036	25.000000	0.000000	0.000000	Infinity	0.000000	0.000000	1.000000	0.001218	0.750000	0.048263	0.000332
DHN_COGEN_BIO_HYDROLYSIS	0.000468	0.000023	15.000000	0.000000	0.000000	Infinity	0.000000	0.000000	1.000000	0.000160	0.850000	0.074944	0.000067
DHN_BOILER_GAS	0.000117	0.000002	17.000000	0.000000	0.000002	Infinity	0.000000	0.000000	1.000000	0.001253	0.950000	0.067080	0.000025
DHN_BOILER_WOOD	0.000181	0.000004	17.000000	0.000000	0.000002	Infinity	0.000000	0.000000	1.000000	0.001054	0.900000	0.067080	0.000045
DHN_BOILER_OIL	0.000105	0.000002	17.000000	0.000000	0.000002	Infinity	0.000000	0.000000	1.000000	0.000858	0.950000	0.067080	0.000024
DHN_DEEP_GEO	0.000000	0.000000	30.000000	0.000000	0.000000	0.000000	0.000000	0.000000	1.000000	0.000000	0.850000	0.041639	0.000000
DHN_SOLAR	0.000368	0.000000	30.000000	0.000000	0.000001	Infinity	0.000000	0.000000	1.000000	0.000541	1.000000	0.041639	0.000225
DEC_HP_ELEC	8768.528587	365.601413	18.000000	0.000000	17.820764	Infinity	0.000000	0.915930	1.000000	0.449153	1.000000	0.063806	2938.465732
DEC_THHP_GAS	517.084416	15.113004	20.000000	0.000000	1.638002	Infinity	0.000000	0.084070	1.000000	0.448523	1.000000	0.058246	625.602037
DEC_COGEN_GAS	0.001382	0.000089	20.000000	0.000000	0.000001	Infinity	0.000000	0.000000	1.000000	0.002978	1.000000	0.058246	0.001006
DEC_COGEN_OIL	0.001119	0.000069	20.000000	0.000000	0.000001	Infinity	0.000000	0.000000	1.000000	0.002046	1.000000	0.058246	0.000878
DEC_ADVCOGEN_GAS	0.002097	0.000039	20.000000	0.000000	0.000000	Infinity	0.000000	0.000000	1.000000	0.000954	1.000000	0.058246	0.000635
DEC_ADVCOGEN_H2	0.001480	0.000028	20.000000	0.000000	0.000000	Infinity	0.000000	0.000000	1.000000	0.000300	1.000000	0.058246	0.000448
DEC_BOILER_GAS	0.000767	0.000023	17.000000	0.000000	0.000005	Infinity	0.000000	0.000000	1.000000	0.001906	1.000000	0.067080	0.000102
DEC_BOILER_WOOD	0.000865	0.000030	17.000000	0.000000	0.000002	Infinity	0.000000	0.000000	1.000000	0.002463	1.000000	0.067080	0.000039
DEC_BOILER_OIL	0.000604	0.000036	17.000000	0.000000	0.000004	Infinity	0.000000	0.000000	1.000000	0.001741	1.000000	0.067080	0.000089
DEC_SOLAR	0.005376	0.000060	20.000000	0.000000	0.000007	Infinity	0.000000	0.000000	1.000000	0.003721	1.000000	0.058246	0.001654
DEC_DIRECT_ELEC	0.001075	0.000005	15.000000	0.000000	0.000027	Infinity	0.000000	0.000000	1.000000	0.000802	1.000000	0.074944	0.000040
TRAMWAY_TROLLEY	4725.034523	94.500690	30.000000	0.000000	7.560055	Infinity	0.000000	0.300000	0.300000	0.342470	0.342470	0.041639	0.000000
BUS_COACH_DIESEL	0.000213	0.000011	15.000000	0.000000	0.000000	Infinity	0.000000	0.000000	1.000000	0.000973	0.296800	0.074944	0.000000
BUS_COACH_HYDIESEL	0.000211	0.000008	15.000000	0.000000	0.000000	Infinity	0.000000	0.000000	1.000000	0.000754	0.296800	0.074944	0.000000
BUS_COACH_CNG_STOICH	12438.835705	621.942916	15.000000	0.000000	20.354495	Infinity	0.000000	0.700000	1.000000	0.296800	0.296800	0.074944	0.000000
BUS_COACH_FC_HYBRIDH2	0.000123	0.000005	15.000000	0.000000	0.000000	Infinity	0.000000	0.000000	1.000000	0.000268	0.296800	0.074944	0.000000
BUS_COACH_ELECTRIC	0.000231	0.000010	15.000000	0.000000	0.000000	Infinity	0.000000	0.000000	1.000000	0.000954	0.296800	0.074944	0.000000
TRAIN_PUB	0.002201	0.000079	40.000000	0.000000	0.000001	Infinity	0.000000	0.000000	0.500000	0.004022	0.275070	0.033427	0.000000
CAR_GASOLINE	21014.500006	1200.000000	10.000000	50.000000	50.000000	Infinity	0.000000	0.297614	1.000000	0.051370	0.051370	0.108434	0.000000
CAR_DIESEL	0.000063	0.000003	10.000000	0.000000	0.000000	Infinity	0.000000	0.000000	1.000000	0.000081	0.051370	0.108434	0.000000
CAR_NG	0.000089	0.000005	10.000000	0.000000	0.000000	Infinity	0.000000	0.000000	1.000000	0.000112	0.051370	0.108434	0.000000
CAR_METHANOL	0.000083	0.000005	10.000000	0.000000	0.000000	Infinity	0.000000	0.000000	1.000000	0.000107	0.051370	0.108434	0.000000
CAR_HEV	0.000058	0.000005	10.000000	0.000000	0.000000	Infinity	0.000000	0.000000	1.000000	0.000076	0.051370	0.108434	0.000000
CAR_PHEV	0.021982	0.001638	10.000000	0.000000	0.000048	Infinity	0.000000	0.000000	1.000000	0.015511	0.051370	0.108434	0.000000
CAR_BEV	51193.166288	1180.028267	10.000000	0.000000	118.002827	Infinity	0.000000	0.702386	1.000000	0.051370	0.051370	0.108434	0.000000
CAR_FUEL_CELL	0.000021	0.000000	10.000000	0.000000	0.000000	Infinity	0.000000	0.000000	1.000000	0.000000	0.051370	0.108434	0.000000
TRAIN_FREIGHT	737.033461	14.740046	40.000000	0.000000	7.058355	Infinity	0.000000	1.000000	1.000000	0.342470	0.342470	0.033427	0.000000
BOAT_FREIGHT_DIESEL	0.000025	0.000001	40.000000	0.000000	0.000000	Infinity	0.000000	0.000000	1.000000	0.000325	0.114160	0.033427	0.000000
BOAT_FREIGHT_NG	0.000456	0.000023	40.000000	0.000000	0.000006	Infinity	0.000000	0.000000	1.000000	0.006792	0.114160	0.033427	0.000000
BOAT_FREIGHT_METHANOL	1941.018811	97.049529	40.000000	0.000000	25.409331	Infinity	0.000000	1.000000	1.000000	0.114160	0.114160	0.033427	0.000000
TRUCK_DIESEL	12617.740009	630.888889	15.000000	34.000000	34.000000	Infinity	0.000000	0.723510	1.000000	0.092590	0.092590	0.074944	0.000000
TRUCK_METHANOL	4821.880689	241.094756	15.000000	0.000000	12.993131	Infinity	0.000000	0.276490	1.000000	0.092590	0.092590	0.074944	0.000000
TRUCK_FUEL_CELL	0.000033	0.000001	15.000000	0.000000	0.000000	Infinity	0.000000	0.000000	1.000000	0.000062	0.092590	0.074944	0.000000
TRUCK_ELEC	0.000044	0.000002	15.000000	0.000000	0.000000	Infinity	0.000000	0.000000	1.000000	0.000097	0.092590	0.074944	0.000000
TRUCK_NG	0.000045	0.000002	15.000000	0.000000	0.000000	Infinity	0.000000	0.000000	1.000000	0.000113	0.092590	0.074944	0.000000
HABER_BOSCH	0.001052	0.000021	20.000000	0.000000	0.000001	Infinity	0.000000	1.000000	1.000000	0.005156	1.000000	0.058246	0.000000
SYN_METHANOLATION	0.000581	0.000016	20.000000	0.000000	0.000000	Infinity	0.000000	0.227134	1.000000	0.000574	0.950000	0.058246	0.000000
METHANE_TO_METHANOL	0.000783	0.000034	25.000000	0.000000	0.000001	Infinity	0.000000	0.555775	1.000000	0.001405	0.850000	0.048263	0.000000
BIOMASS_TO_METHANOL	0.000714	0.000011	20.000000	0.000000	0.000000	Infinity	0.000000	0.217090	1.000000	0.000549	1.000000	0.058246	0.000000
OIL_TO_HVC	0.000555	0.000003	20.000000	0.000000	0.000001	Infinity	0.000000	0.000000	1.000000	0.001254	1.000000	0.058246	0.000000
GAS_TO_HVC	0.000598	0.000015	20.000000	0.000000	0.000001	Infinity	0.000000	0.000000	1.000000	0.000697	1.000000	0.058246	0.000000
METHANOL_TO_HVC	3293.143134	296.382882	20.000000	0.000000	4.723384	Infinity	0.000000	1.000000	1.000000	1.000000	1.000000	0.058246	0.000000
ADLIBIO_TO_HVC	0.000832	0.000018	20.000000	0.000000	0.000001	Infinity	0.000000	0.000000	1.000000	0.003060	1.000000	0.058246	0.000868
PHS	294.001219	0.000000	50.000000	5.000000	5.000021	6.500000	0.000000	-1.000000	1.000000	0.020774	1.000000	0.028572	
BATT_LI	0.003580	0.000006	15.000000	0.000000	0.000012	Infinity	0.000000	-1.000000	1.000000	0.002813	1.000000	0.074944	
BEV_BATT	0.000000	0.000000	1.000000	0.000000	117.066296	Infinity	0.000000	-1.000000	1.000000	0.004460	1.000000	1.015000	
PHEV_BATT	0.000000	0.000000	1.000000	0.000000	0.000010	Infinity	0.000000	-1.000000	1.000000	0.000764	1.000000	1.015000	
TS_DEC_DIRECT_ELEC	0.002533	0.000018	20.000000	0.000000	0.000134	Infinity	0.000000	-1.000000	1.000000	0.000573	1.000000	0.058246	
TS_DEC_HP_ELEC	1033.544102	7.235500	20.000000	0.000000	54.483084	Infinity	0.000000	-1.000000	1.000000	0.029369	1.000000	0.058246	
TS_DEC_THHP_GAS	49.409294	0.345898	20.000000	0.000000	2.604602	Infinity	0.000000	-1.000000	1.000000	0.051959	1.000000	0.058246	
TS_DEC_COGEN_GAS	0.002531	0.000018	20.000000	0.000000	0.000133	Infinity	0.000000	-1.000000	1.000000	0.000679	1.000000	0.058246	
TS_DEC_COGEN_OIL	0.002587	0.000018	20.000000	0.000000	0.000136	Infinity	0.000000	-1.000000	1.000000	0.000717	1.000000	0.058246	
TS_DEC_ADVCOGEN_GAS	0.002535	0.000018	20.000000	0.000000	0.000134	Infinity	0.000000	-1.000000	1.000000	0.000555	1.000000	0.058246	
TS_DEC_ADVCOGEN_H2	0.002521	0.000018	20.000000	0.000000	0.000133	Infinity	0.000000	-1.000000	1.000000	0.000386	1.000000	0.058246	
TS_DEC_BOILER_GAS	0.002532	0.000018	20.000000	0.000000	0.000133	Infinity	0.000000	-1.000000	1.000000	0.000767	1.000000	0.058246	
TS_DEC_BOILER_WOOD	0.002527	0.000018	20.000000	0.000000	0.000133	Infinity	0.000000	-1.000000	1.000000	0.000697	1.000000	0.058246	
TS_DEC_BOILER_OIL	0.002525	0.000018	20.000000	0.000000	0.000133	Infinity	0.000000	-1.000000	1.000000	0.000600	1.000000	0.058246	
TS_DHN_DAILY	0.003962	0.000011	40.000000	0.000000	0.001321	Infinity	0.000000	-1.000000	1.000000	0.000683	1.000000	0.033427	
TS_DHN_SEASONAL	283.114702	1.551014	25.000000	0.000000	524.286486	Infinity	0.000000	-1.000000	1.000000	0.001346	1.000000	0.048263	
TS_HIGH_TEMP	29.015958	0.310553	25.000000	0.000000	1.035175	Infinity	0.000000	-1.000000	1.000000	0.038892	1.000000	0.048263	
GAS_STORAGE	68.187341	1.785368	50.000000	0.000000	1363.746815	Infinity	0.000000	-1.000000	1.000000	0.000264	1.000000	0.028572	
H2_STORAGE	3.002993	0.189203	20.000000	0.000000	0.485136	Infinity	0.000000	-1.000000	1.000000	0.007106	1.000000	0.058246	
DIESEL_STORAGE	0.017585	0.000698	20.000000	0.000000	1.758532	Infinity	0.000000	-1.000000	1.000000	0.000065	1.000000	0.058246	
GASOLINE_STORAGE	2.890330	0.114746	20.000000	0.000000	289.033041	Infinity	0.000000	-1.000000	1.000000	0.001497	1.000000	0.058246	
LFO_STORAGE	0.043965	0.001745	20.000000	0.000000	4.396522	Infinity	0.000000	-1.000000	1.000000	0.000000	1.000000	0.058246	
AMMONIA_STORAGE	0.000062	0.000002	20.000000	0.000000	0.006227	Infinity	0.000000	-1.000000	1.000000	0.000058	1.000000	0.058246	
METHANOL_STORAGE	0.000002	0.000000	20.000000	0.000000	0.000161	Infinity	0.000000	-1.000000	1.000000	0.000005	1.000000	0.058246	
CO2_STORAGE	0.054809	0.000548	30.000000	0.000000	0.001107	Infinity	0.000000	-1.000000	1.000000	0.000005	1.000000	0.041639	
ADLIBIO_TO_FUEL	928.981402	16.962856	20.000000	0.000000	1.325223	Infinity	0.000000	-1.000000	1.000000	0.962880	1.000000	0.058246	
AMMONIA_TO_H2	0.000345	0.000032	25.000000	0.000000	0.000001	Infinity	0.000000	-1.000000	1.000000	0.000395	0.860000	0.048263	
ATM_CCS	0.000977	0.000024	40.000000	0.000000	0.000000	Infinity	0.000000	-1.000000	1.000000	0.000193	1.000000	0.033427	
BIO_HYDROLYSIS	3517.877514	239.851157	15.000000	0.000000	2.209847	Infinity	0.000000	-1.000000	1.000000	0.850000	0.850000	0.074944	
BIOMETHANATION	0.023860	0.000331	20.000000	0.000000	0.000024	Infinity	0.000000	-1.000000	1.000000	0.141884	0.850000	0.058246	
DHN	6716.127294	0.000000	60.000000	0.000000	8.132086	Infinity	0.000000	-1.000000	1.000000	0.000000	1.000000	0.025393	
EFFICIENCY	5517.241379	0.000000	1.000000	0.000000	0.985222	Infinity	0.000000	-1.000000	1.000000	0.000000	1.000000	1.015000	
GASIFICATION_SNG	0.000720	0.000051	25.000000	0.000000	0.000000	Infinity	0.000000	-1.000000	1.000000	0.001221	0.850000	0.048263	
GRID	94577.718710	0.000000	80.000000	0.000000	1.262399	Infinity	0.000000	-1.000000	1.000000	0.000000	1.000000	0.021548	
H2_BIOMASS	1082.158206	76.236778	25.000000	0.000000	0.428511	Infinity	0.000000	-1.000000	1.000000	0.860000	0.860000	0.048263	
H2_ELECTROLYSIS	0.001671	0.000046	15.000000	0.000000	0.000002	Infinity	0.000000	-1.000000	1.000000	0.003728	0.900000	0.074944	
INDUSTRY_CCS	0.000953	0.000024	40.000000	0.000000	0.000000	Infinity	0.000000	-1.000000	1.000000	0.000236	1.000000	0.033427	
REDIFUEL	0.000778	0.000021	20.000000	0.000000	0.000000	Infinity	0.000000	-1.000000	1.000000	0.000260	1.000000	0.058246	
SMR	34.996249	3.229506	25.000000	0.000000	0.051371	Infinity	0.000000	-1.000000	1.000000	0.520287	0.860000	0.048263	
SYN_METHANATION	0.000203	0.000052	40.000000	0.000000	0.000001	Infinity	0.000000	-1.000000	1.000000	0.001211	1.000000	0.033427	