Name	Crit_2_tech	Crit_2_res	Crit_2_op
NUCLEAR	0.000000	0.000000	0.000000
CCGT	0.001039	0.000000	-0.001538
CCGT_AMMONIA	0.000081	0.000000	0.000001
COAL_US	0.000000	0.000000	0.000000
COAL_IGCC	0.000000	0.000000	0.000000
PV	9002.360851	0.000000	0.000000
WIND_ONSHORE	3347.582878	0.000000	85.311828
WIND_OFFSHORE	1078.850443	0.000000	120.543079
HYDRO_RIVER	36.234858	0.000000	-7.578642
GEOTHERMAL	0.000000	0.000000	0.000000
IND_COGEN_GAS	115.226757	0.000000	182.001756
IND_COGEN_WOOD	0.000165	0.000000	0.000034
IND_COGEN_WASTE	0.000076	0.000000	0.000021
IND_BOILER_GAS	22.900047	0.000000	0.000000
IND_BOILER_WOOD	0.000353	0.000000	0.000005
IND_BOILER_OIL	0.000030	0.000000	0.000000
IND_BOILER_COAL	708.375967	0.000000	365.095713
IND_BOILER_WASTE	185.540138	0.000000	171.066899
IND_DIRECT_ELEC	0.887700	0.000000	0.000000
DHN_HP_ELEC	106.405866	0.000000	5.574054
DHN_COGEN_GAS	347.029170	0.000000	556.963171
DHN_COGEN_WOOD	0.000035	0.000000	0.000006
DHN_COGEN_WASTE	0.000068	0.000000	0.000017
DHN_COGEN_WET_BIOMASS	0.001528	0.000000	0.000467
DHN_COGEN_BIO_HYDROLYSIS	0.000098	0.000000	0.000420
DHN_BOILER_GAS	0.000007	0.000000	0.000000
DHN_BOILER_WOOD	0.000120	0.000000	0.000001
DHN_BOILER_OIL	0.000007	0.000000	0.000000
DHN_DEEP_GEO	0.000000	0.000000	0.000000
DHN_SOLAR	0.000799	0.000000	0.000000
DEC_HP_ELEC	594.186831	0.000000	25.034258
DEC_THHP_GAS	221.833188	0.000000	0.000000
DEC_COGEN_GAS	0.000187	0.000000	0.000056
DEC_COGEN_OIL	0.000164	0.000000	0.000010
DEC_ADVCOGEN_GAS	0.000301	0.000000	0.000211
DEC_ADVCOGEN_H2	0.000212	0.000000	0.000066
DEC_BOILER_GAS	0.000095	0.000000	0.000000
DEC_BOILER_WOOD	0.001320	0.000000	0.000002
DEC_BOILER_OIL	0.000083	0.000000	0.000000
DEC_SOLAR	0.008810	0.000000	0.000000
DEC_DIRECT_ELEC	0.000020	0.000000	0.000000
TRAMWAY_TROLLEY	78.587428	0.000000	0.000000
BUS_COACH_DIESEL	0.000094	0.000000	0.000000
BUS_COACH_HYDIESEL	0.000069	0.000000	0.000000
BUS_COACH_CNG_STOICH	5563.724859	0.000000	4.725849
BUS_COACH_FC_HYBRIDH2	0.000051	0.000000	0.000000
BUS_COACH_ELECTRIC	0.000109	0.000000	0.000000
TRAIN_PUB	0.000040	0.000000	0.000000
CAR_GASOLINE	6191.681712	0.000000	1255.705376
CAR_DIESEL	0.000018	0.000000	0.000004
CAR_NG	0.000027	0.000000	0.000005
CAR_METHANOL	0.000024	0.000000	0.000005
CAR_HEV	0.000018	0.000000	0.000004
CAR_PHEV	0.008311	0.000000	0.000788
CAR_BEV	28993.417799	0.000000	3402.315200
CAR_FUEL_CELL	0.000015	0.000000	0.000000
TRAIN_FREIGHT	247.342362	0.000000	0.000000
BOAT_FREIGHT_DIESEL	0.000003	0.000000	0.000000
BOAT_FREIGHT_NG	0.000049	0.000000	0.000001
BOAT_FREIGHT_METHANOL	210.053663	0.000000	4.680949
TRUCK_DIESEL	6467.159745	0.000000	0.408140
TRUCK_METHANOL	2422.463563	0.000000	0.155971
TRUCK_FUEL_CELL	0.000018	0.000000	0.000000
TRUCK_ELEC	0.000025	0.000000	0.000000
TRUCK_NG	0.000023	0.000000	0.000000
HABER_BOSCH	0.004480	0.000000	0.000048
SYN_METHANOLATION	0.001194	0.000000	0.000049
METHANE_TO_METHANOL	0.000008	0.000000	0.000005
BIOMASS_TO_METHANOL	0.000978	0.000000	0.000358
OIL_TO_HVC	0.002027	0.000000	0.000000
GAS_TO_HVC	0.001081	0.000000	0.000000
METHANOL_TO_HVC	6811.851651	0.000000	0.000000
ADLIBIO_TO_HVC	0.001317	0.000000	0.000357
PHS	6016.724977	0.000000	0.000000
BATT_LI	0.000750	0.000000	0.000000
BEV_BATT	0.000000	0.000000	0.000000
PHEV_BATT	0.009066	0.000000	0.000000
TS_DEC_DIRECT_ELEC	0.000963	0.000000	0.000000
TS_DEC_HP_ELEC	393.101120	0.000000	0.000000
TS_DEC_THHP_GAS	18.792472	0.000000	0.000000
TS_DEC_COGEN_GAS	0.000963	0.000000	0.000000
TS_DEC_COGEN_OIL	0.000984	0.000000	0.000000
TS_DEC_ADVCOGEN_GAS	0.000964	0.000000	0.000000
TS_DEC_ADVCOGEN_H2	0.000959	0.000000	0.000000
TS_DEC_BOILER_GAS	0.000963	0.000000	0.000000
TS_DEC_BOILER_WOOD	0.000961	0.000000	0.000000
TS_DEC_BOILER_OIL	0.000960	0.000000	0.000000
TS_DHN_DAILY	0.004765	0.000000	0.000000
TS_DHN_SEASONAL	3026.225242	0.000000	0.000000
TS_HIGH_TEMP	5.975117	0.000000	0.000000
GAS_STORAGE	2901.657919	0.000000	0.000000
H2_STORAGE	1.014267	0.000000	0.000000
DIESEL_STORAGE	0.033631	0.000000	0.000000
GASOLINE_STORAGE	5.718958	0.000000	0.000000
LFO_STORAGE	0.068317	0.000000	0.000000
AMMONIA_STORAGE	0.083119	0.000000	0.000000
METHANOL_STORAGE	0.557725	0.000000	0.000000
CO2_STORAGE	0.001993	0.000000	0.000000
ADLIBIO_TO_FUEL	1995.000756	0.000000	1078.005252
AMMONIA_TO_H2	0.000313	0.000000	0.000000
ATM_CCS	0.000063	0.000000	0.000018
BIO_HYDROLYSIS	1564.059952	0.000000	12242.975869
BIOMETHANATION	0.073731	0.000000	0.026377
DHN	0.000000	0.000000	0.000000
EFFICIENCY	0.000000	0.000000	0.000000
GASIFICATION_SNG	0.000121	0.000000	0.000518
GRID	829.628259	0.000000	0.000000
H2_BIOMASS	181.972073	0.000000	14.536994
H2_ELECTROLYSIS	0.000292	0.000000	0.000007
INDUSTRY_CCS	0.000000	0.000000	0.000007
REDIFUEL	0.000297	0.000000	0.000082
SMR	0.000000	0.000000	0.998500
SYN_METHANATION	0.000205	0.000000	0.000000
AMMONIA	0.000000	0.000326	0.000000
AMMONIA_RE_BE	0.000000	0.000000	0.000000
AMMONIA_RE_IMPORT	0.000000	36293.171657	0.000000
BIODIESEL	0.000000	0.018973	0.000000
BIODIESEL_BE	0.000000	0.000000	0.000000
BIOETHANOL	0.000000	0.006477	0.000000
CO2_ATM	0.000000	0.000000	0.000000
CO2_CAPTURED	0.000000	0.000000	0.000000
CO2_EMISSIONS	0.000000	0.000000	0.000000
CO2_INDUSTRY	0.000000	0.000000	0.000000
COAL	0.000000	21539.966103	0.000000
DIESEL	0.000000	8663.403936	0.000000
ELEC_EXPORT	0.000000	0.000000	0.000000
ELECTRICITY	0.000000	42652.717773	0.000000
GAS	0.000000	8491.634860	0.000000
GAS_RE_BE	0.000000	0.000000	0.000000
GAS_RE_IMPORT	0.000000	0.000002	0.000000
GASOLINE	0.000000	0.000888	0.000000
H2	0.000000	0.000006	0.000000
H2_RE_BE	0.000000	0.000000	0.000000
H2_RE_IMPORT	0.000000	16829.513044	0.000000
LFO	0.000000	0.006246	0.000000
LFO_RE_BE	0.000000	0.000000	0.000000
METHANOL	0.000000	18634.023162	0.000000
METHANOL_RE_BE	0.000000	0.000000	0.000000
METHANOL_RE_IMPORT	0.000000	0.001114	0.000000
RES_GEO	0.000000	0.000000	0.000000
RES_HYDRO	0.000000	0.000000	0.000000
RES_SOLAR	0.000000	0.000000	0.000000
RES_WIND	0.000000	0.000000	0.000000
URANIUM	0.000000	0.000000	0.000000
WASTE	0.000000	0.000000	0.000000
WET_BIOMASS	0.000000	90117.437141	0.000000
WOOD	0.000000	95211.481499	0.000000
WOOD_PRODUCTION	0.000000	26272.558203	0.000000
