Name	Crit_1_tech	Crit_1_res	Crit_1_op
NUCLEAR	0.362194	0.000000	0.252825
CCGT	0.000000	0.000000	0.000000
CCGT_AMMONIA	0.000000	0.000000	0.000000
COAL_US	0.024939	0.000000	11.076268
COAL_IGCC	0.000000	0.000000	0.000023
PV	1.486751	0.000000	0.000000
WIND_ONSHORE	0.983496	0.000000	0.008213
WIND_OFFSHORE	0.000000	0.000000	0.000000
HYDRO_RIVER	0.020281	0.000000	0.000042
GEOTHERMAL	0.000000	0.000000	0.000000
IND_COGEN_GAS	0.128993	0.000000	1.794977
IND_COGEN_WOOD	0.000000	0.000000	0.000000
IND_COGEN_WASTE	0.059369	0.000000	0.975399
IND_BOILER_GAS	0.019274	0.000000	1.379254
IND_BOILER_WOOD	0.000000	0.000000	0.000000
IND_BOILER_OIL	0.011449	0.000000	4.501199
IND_BOILER_COAL	0.150334	0.000000	63.593964
IND_BOILER_WASTE	0.000000	0.000000	0.000000
IND_DIRECT_ELEC	0.000000	0.000000	0.000000
DHN_HP_ELEC	0.004722	0.000000	0.000168
DHN_COGEN_GAS	0.063645	0.000000	1.287644
DHN_COGEN_WOOD	0.002729	0.000000	0.318065
DHN_COGEN_WASTE	0.015525	0.000000	0.255072
DHN_COGEN_WET_BIOMASS	0.000000	0.000000	0.000000
DHN_COGEN_BIO_HYDROLYSIS	0.000000	0.000000	0.000000
DHN_BOILER_GAS	0.000847	0.000000	0.055619
DHN_BOILER_WOOD	0.000000	0.000000	0.000000
DHN_BOILER_OIL	0.000044	0.000000	0.016362
DHN_DEEP_GEO	0.000000	0.000000	0.000000
DHN_SOLAR	0.000000	0.000000	0.000000
DEC_HP_ELEC	0.030210	0.000000	0.000914
DEC_THHP_GAS	0.000000	0.000000	0.000000
DEC_COGEN_GAS	0.065385	0.000000	0.297785
DEC_COGEN_OIL	0.000000	0.000000	0.000000
DEC_ADVCOGEN_GAS	0.000000	0.000000	0.000000
DEC_ADVCOGEN_H2	0.000000	0.000000	0.000000
DEC_BOILER_GAS	0.431904	0.000000	3.187190
DEC_BOILER_WOOD	0.274987	0.000000	5.100801
DEC_BOILER_OIL	0.525254	0.000000	22.679076
DEC_SOLAR	0.947888	0.000000	0.000000
DEC_DIRECT_ELEC	0.000000	0.000000	0.000000
TRAMWAY_TROLLEY	0.008497	0.000000	0.000000
BUS_COACH_DIESEL	1.271335	0.000000	0.625298
BUS_COACH_HYDIESEL	0.000000	0.000000	0.000000
BUS_COACH_CNG_STOICH	0.051355	0.000000	0.061740
BUS_COACH_FC_HYBRIDH2	0.000000	0.000000	0.000000
BUS_COACH_ELECTRIC	0.000000	0.000000	0.000000
TRAIN_PUB	0.154629	0.000000	0.000000
CAR_GASOLINE	10.374007	0.000000	3.348218
CAR_DIESEL	13.356406	0.000000	3.242256
CAR_NG	0.049881	0.000000	0.014944
CAR_METHANOL	0.000000	0.000000	0.000000
CAR_HEV	0.469192	0.000000	0.099398
CAR_PHEV	0.000003	0.000000	0.000000
CAR_BEV	0.478954	0.000000	0.025019
CAR_FUEL_CELL	0.000000	0.000000	0.000000
TRAIN_FREIGHT	0.189649	0.000000	0.487762
BOAT_FREIGHT_DIESEL	0.084834	0.000000	4.578413
BOAT_FREIGHT_NG	0.000000	0.000000	0.000000
BOAT_FREIGHT_METHANOL	0.000000	0.000000	0.000000
TRUCK_DIESEL	5.560425	0.000000	11.619810
TRUCK_METHANOL	0.000000	0.000000	0.000000
TRUCK_FUEL_CELL	0.000000	0.000000	0.000000
TRUCK_ELEC	0.000000	0.000000	0.000000
TRUCK_NG	0.355268	0.000000	0.330825
HABER_BOSCH	3.233183	0.000000	2.235626
SYN_METHANOLATION	0.000000	0.000000	0.000000
METHANE_TO_METHANOL	0.000000	0.000000	0.000000
BIOMASS_TO_METHANOL	0.000000	0.000000	0.000000
OIL_TO_HVC	4.324100	0.000000	0.000000
GAS_TO_HVC	0.000001	0.000000	0.000000
METHANOL_TO_HVC	0.000000	0.000000	0.000000
ADLIBIO_TO_HVC	0.000000	0.000000	0.000000
PHS	4.246238	0.000000	0.000000
BATT_LI	0.000000	0.000000	0.000000
BEV_BATT	0.000000	0.000000	0.000000
PHEV_BATT	0.000004	0.000000	0.000000
TS_DEC_DIRECT_ELEC	0.000000	0.000000	0.000000
TS_DEC_HP_ELEC	0.001978	0.000000	0.000000
TS_DEC_THHP_GAS	0.000000	0.000000	0.000000
TS_DEC_COGEN_GAS	0.002621	0.000000	0.000000
TS_DEC_COGEN_OIL	0.000000	0.000000	0.000000
TS_DEC_ADVCOGEN_GAS	0.000000	0.000000	0.000000
TS_DEC_ADVCOGEN_H2	0.000000	0.000000	0.000000
TS_DEC_BOILER_GAS	0.039383	0.000000	0.000000
TS_DEC_BOILER_WOOD	0.011497	0.000000	0.000000
TS_DEC_BOILER_OIL	0.052668	0.000000	0.000000
TS_DHN_DAILY	0.000001	0.000000	0.000000
TS_DHN_SEASONAL	1.403835	0.000000	0.000000
TS_HIGH_TEMP	0.000000	0.000000	0.000000
GAS_STORAGE	0.000000	0.000000	0.000000
H2_STORAGE	0.000007	0.000000	0.000000
DIESEL_STORAGE	0.000026	0.000000	0.000000
GASOLINE_STORAGE	0.000027	0.000000	0.000000
LFO_STORAGE	0.000021	0.000000	0.000000
AMMONIA_STORAGE	39.098640	0.000000	0.000000
METHANOL_STORAGE	3.121061	0.000000	0.000000
CO2_STORAGE	0.000002	0.000000	0.000000
ADLIBIO_TO_FUEL	0.000000	0.000000	0.000000
AMMONIA_TO_H2	0.000000	0.000000	0.000000
ATM_CCS	0.000000	0.000000	0.000000
BIO_HYDROLYSIS	0.000000	0.000000	0.000002
BIOMETHANATION	0.000000	0.000000	0.000000
DHN	0.000000	0.000000	0.000000
EFFICIENCY	0.000000	0.000000	0.000000
GASIFICATION_SNG	0.000000	0.000000	0.000000
GRID	1.439783	0.000000	0.000000
H2_BIOMASS	0.000000	0.000000	0.000000
H2_ELECTROLYSIS	0.000000	0.000000	0.000000
INDUSTRY_CCS	0.000000	0.000000	0.000000
REDIFUEL	0.000000	0.000000	0.000000
SMR	0.000000	0.000000	0.339346
SYN_METHANATION	0.000000	0.000000	0.000000
AMMONIA	0.000000	0.000000	0.000000
AMMONIA_RE_BE	0.000000	0.000000	0.000000
AMMONIA_RE_IMPORT	0.000000	0.000000	0.000000
BIODIESEL	0.000000	0.000001	0.000000
BIODIESEL_BE	0.000000	0.000000	0.000000
BIOETHANOL	0.000000	0.000001	0.000000
CO2_ATM	0.000000	0.000000	0.000000
CO2_CAPTURED	0.000000	0.000000	0.000000
CO2_EMISSIONS	0.000000	0.000000	0.000000
CO2_INDUSTRY	0.000000	0.000000	0.000000
COAL	0.000000	11.348370	0.000000
DIESEL	0.000000	22.270754	0.000000
ELEC_EXPORT	0.000000	0.000000	0.000000
ELECTRICITY	0.000000	7.497542	0.000000
GAS	0.000000	15.907341	0.000000
GAS_RE_BE	0.000000	0.000000	0.000000
GAS_RE_IMPORT	0.000000	0.000000	0.000000
GASOLINE	0.000000	11.281411	0.000000
H2	0.000000	0.000044	0.000000
H2_RE_BE	0.000000	0.000000	0.000000
H2_RE_IMPORT	0.000000	0.000000	0.000000
LFO	0.000000	76.008442	0.000000
LFO_RE_BE	0.000000	0.000000	0.000000
METHANOL	0.000000	0.545395	0.000000
METHANOL_RE_BE	0.000000	0.000000	0.000000
METHANOL_RE_IMPORT	0.000000	0.000000	0.000000
RES_GEO	0.000000	0.000000	0.000000
RES_HYDRO	0.000000	0.000000	0.000000
RES_SOLAR	0.000000	0.000000	0.000000
RES_WIND	0.000000	0.000000	0.000000
URANIUM	0.000000	1.507016	0.000000
WASTE	0.000000	0.000000	0.000000
WET_BIOMASS	0.000000	0.000005	0.000000
WOOD	0.000000	2.623122	0.000000
WOOD_PRODUCTION	0.000000	0.000000	0.000000
