Name	LCA_tech	LCA_res	LCA_op
NUCLEAR	48.570530	0.000000	39.245781
CCGT	0.000004	0.000000	0.000753
CCGT_AMMONIA	0.000002	0.000000	0.000001
COAL_US	3.562577	0.000000	1831.954238
COAL_IGCC	0.000010	0.000000	0.003815
PV	242.991416	0.000000	0.000000
WIND_ONSHORE	166.083469	0.000000	2.299977
WIND_OFFSHORE	0.000002	0.000000	0.000000
HYDRO_RIVER	4.213526	0.000000	0.011845
GEOTHERMAL	0.000051	0.000000	0.000000
IND_COGEN_GAS	17.257149	0.000000	2052.050574
IND_COGEN_WOOD	0.000000	0.000000	0.000000
IND_COGEN_WASTE	15.302127	0.000000	4636.442493
IND_BOILER_GAS	4.519690	0.000000	4368.259114
IND_BOILER_WOOD	0.000000	0.000000	0.000000
IND_BOILER_OIL	2.684763	0.000000	3380.214738
IND_BOILER_COAL	18.623448	0.000000	7323.744928
IND_BOILER_WASTE	0.000000	0.000000	0.000000
IND_DIRECT_ELEC	0.000000	0.000000	0.000000
DHN_HP_ELEC	0.497934	0.000000	4.389457
DHN_COGEN_GAS	4.852027	0.000000	1472.057664
DHN_COGEN_WOOD	0.503624	0.000000	268.127943
DHN_COGEN_WASTE	4.001581	0.000000	1212.452518
DHN_COGEN_WET_BIOMASS	0.000000	0.000000	0.000000
DHN_COGEN_BIO_HYDROLYSIS	0.000000	0.000000	0.000000
DHN_BOILER_GAS	0.198540	0.000000	176.152578
DHN_BOILER_WOOD	0.000000	0.000000	0.000000
DHN_BOILER_OIL	0.010339	0.000000	12.287435
DHN_DEEP_GEO	0.000000	0.000000	0.000000
DHN_SOLAR	0.000023	0.000000	0.000000
DEC_HP_ELEC	3.185701	0.000000	23.813441
DEC_THHP_GAS	0.000000	0.000000	0.000000
DEC_COGEN_GAS	9.339392	0.000000	340.433164
DEC_COGEN_OIL	0.000000	0.000000	0.000000
DEC_ADVCOGEN_GAS	0.000000	0.000000	0.000000
DEC_ADVCOGEN_H2	0.000000	0.000000	0.000000
DEC_BOILER_GAS	40.475266	0.000000	10083.210182
DEC_BOILER_WOOD	62.707386	0.000000	5413.697791
DEC_BOILER_OIL	49.223506	0.000000	17031.082693
DEC_SOLAR	51.365465	0.000000	0.000000
DEC_DIRECT_ELEC	0.000000	0.000000	0.000000
TRAMWAY_TROLLEY	1.099473	0.000000	0.000000
BUS_COACH_DIESEL	123.939058	0.000000	1332.351964
BUS_COACH_HYDIESEL	0.000000	0.000000	0.000000
BUS_COACH_CNG_STOICH	5.053273	0.000000	54.049634
BUS_COACH_FC_HYBRIDH2	0.000000	0.000000	0.000000
BUS_COACH_ELECTRIC	0.000000	0.000000	0.000001
TRAIN_PUB	11.468320	0.000000	1.652045
CAR_GASOLINE	1773.138047	0.000000	5316.672371
CAR_DIESEL	2267.453777	0.000000	5840.316358
CAR_NG	8.550520	0.000000	17.141982
CAR_METHANOL	0.000000	0.000000	0.000000
CAR_HEV	74.346882	0.000000	142.834598
CAR_PHEV	0.000471	0.000000	0.000000
CAR_BEV	61.408165	0.000000	8.202467
CAR_FUEL_CELL	0.000000	0.000000	0.000000
TRAIN_FREIGHT	32.381618	0.000000	39.375631
BOAT_FREIGHT_DIESEL	12.613470	0.000000	392.939712
BOAT_FREIGHT_NG	0.000000	0.000000	0.000000
BOAT_FREIGHT_METHANOL	0.000000	0.000000	0.000000
TRUCK_DIESEL	589.529958	0.000000	5851.067664
TRUCK_METHANOL	0.000000	0.000000	0.000000
TRUCK_FUEL_CELL	0.000000	0.000000	0.000000
TRUCK_ELEC	0.000000	0.000000	0.000000
TRUCK_NG	38.423714	0.000000	409.550461
HABER_BOSCH	273.224473	0.000000	13.693040
SYN_METHANOLATION	0.000019	0.000000	0.000003
METHANE_TO_METHANOL	0.000001	0.000000	0.000002
BIOMASS_TO_METHANOL	0.000020	0.000000	0.000299
OIL_TO_HVC	365.413906	0.000000	18783.889634
GAS_TO_HVC	0.000047	0.000000	0.000822
METHANOL_TO_HVC	0.000000	0.000000	0.000000
ADLIBIO_TO_HVC	0.000000	0.000000	0.000000
PHS	982.703128	0.000000	0.000000
BATT_LI	0.000024	0.000000	0.000000
BEV_BATT	0.000000	0.000000	0.000000
PHEV_BATT	0.000347	0.000000	0.000000
TS_DEC_DIRECT_ELEC	0.000028	0.000000	0.000000
TS_DEC_HP_ELEC	0.395391	0.000000	0.000000
TS_DEC_THHP_GAS	0.000028	0.000000	0.000000
TS_DEC_COGEN_GAS	0.523901	0.000000	0.000000
TS_DEC_COGEN_OIL	0.000028	0.000000	0.000000
TS_DEC_ADVCOGEN_GAS	0.000028	0.000000	0.000000
TS_DEC_ADVCOGEN_H2	0.000028	0.000000	0.000000
TS_DEC_BOILER_GAS	7.871990	0.000000	0.000000
TS_DEC_BOILER_WOOD	2.298147	0.000000	0.000000
TS_DEC_BOILER_OIL	10.527347	0.000000	0.000000
TS_DHN_DAILY	0.000193	0.000000	0.000000
TS_DHN_SEASONAL	280.602740	0.000000	0.000000
TS_HIGH_TEMP	0.000047	0.000000	0.000000
GAS_STORAGE	0.000000	0.000000	0.000000
H2_STORAGE	0.001114	0.000000	0.000000
DIESEL_STORAGE	0.001914	0.000000	0.000000
GASOLINE_STORAGE	0.001989	0.000000	0.000000
LFO_STORAGE	0.001590	0.000000	0.000000
AMMONIA_STORAGE	5920.881072	0.000000	0.000000
METHANOL_STORAGE	263.749516	0.000000	0.000000
CO2_STORAGE	0.000350	0.000000	0.000000
ADLIBIO_TO_FUEL	0.000000	0.000000	0.000000
AMMONIA_TO_H2	0.000006	0.000000	0.000000
ATM_CCS	0.000003	0.000000	-0.000056
BIO_HYDROLYSIS	0.000005	0.000000	0.003162
BIOMETHANATION	0.000022	0.000000	0.000915
DHN	0.000000	0.000000	0.000000
EFFICIENCY	0.000000	0.000000	0.000000
GASIFICATION_SNG	0.000000	0.000000	0.000179
GRID	28.086846	0.000000	0.000000
H2_BIOMASS	0.000000	0.000000	0.000000
H2_ELECTROLYSIS	0.000001	0.000000	0.000000
INDUSTRY_CCS	0.000000	0.000000	0.000037
REDIFUEL	0.000004	0.000000	0.000234
SMR	0.000000	0.000000	2876.941703
SYN_METHANATION	0.000000	0.000000	0.000000
AMMONIA	0.000000	-0.000803	0.000000
AMMONIA_RE_BE	0.000000	0.000000	0.000000
AMMONIA_RE_IMPORT	0.000000	0.000000	0.000000
BIODIESEL	0.000000	-0.000018	0.000000
BIODIESEL_BE	0.000000	0.000000	0.000000
BIOETHANOL	0.000000	-0.000011	0.000000
CO2_ATM	0.000000	0.000000	0.000000
CO2_CAPTURED	0.000000	0.000000	0.000000
CO2_EMISSIONS	0.000000	0.000000	0.000000
CO2_INDUSTRY	0.000000	0.000000	0.000000
COAL	0.000000	1281.870388	0.000000
DIESEL	0.000000	1787.978910	0.000000
ELEC_EXPORT	0.000000	0.000000	0.000000
ELECTRICITY	0.000000	1549.814402	0.000000
GAS	0.000000	7116.010275	0.000000
GAS_RE_BE	0.000000	0.000000	0.000000
GAS_RE_IMPORT	0.000000	0.000000	0.000000
GASOLINE	0.000000	943.455921	0.000000
H2	0.000000	0.020831	0.000000
H2_RE_BE	0.000000	0.000000	0.000000
H2_RE_IMPORT	0.000000	0.000000	0.000000
LFO	0.000000	6063.101035	0.000000
LFO_RE_BE	0.000000	0.000000	0.000000
METHANOL	0.000000	138.172087	0.000000
METHANOL_RE_BE	0.000000	0.000000	0.000000
METHANOL_RE_IMPORT	0.000000	0.000000	0.000000
RES_GEO	0.000000	0.000000	0.000000
RES_HYDRO	0.000000	0.000000	0.000000
RES_SOLAR	0.000000	0.000000	0.000000
RES_WIND	0.000000	0.000000	0.000000
URANIUM	0.000000	131.650834	0.000000
WASTE	0.000000	0.000000	0.000000
WET_BIOMASS	0.000000	-0.006437	0.000000
WOOD	0.000000	-4831.103161	0.000000
WOOD_PRODUCTION	0.000000	0.000000	0.000000
