Name	Crit_1_tech	Crit_1_res	Crit_1_op
NUCLEAR	0.000000	0.000000	0.000000
CCGT	0.000000	0.000000	0.000001
CCGT_AMMONIA	0.072066	0.000000	0.188013
COAL_US	0.000000	0.000000	0.000000
COAL_IGCC	0.000000	0.000000	0.000000
PV	9.589040	0.000000	0.000000
WIND_ONSHORE	0.889514	0.000000	0.010390
WIND_OFFSHORE	0.845407	0.000000	0.014812
HYDRO_RIVER	0.015811	0.000000	0.000047
GEOTHERMAL	0.000000	0.000000	0.000000
IND_COGEN_GAS	0.271845	0.000000	5.288376
IND_COGEN_WOOD	0.000000	0.000000	0.000002
IND_COGEN_WASTE	0.000000	0.000000	0.000000
IND_BOILER_GAS	0.004795	0.000000	0.211569
IND_BOILER_WOOD	0.000000	0.000000	0.000001
IND_BOILER_OIL	0.000000	0.000000	0.000000
IND_BOILER_COAL	0.000000	0.000000	0.000000
IND_BOILER_WASTE	0.082883	0.000000	0.611312
IND_DIRECT_ELEC	0.002722	0.000000	0.000000
DHN_HP_ELEC	0.397320	0.000000	0.018209
DHN_COGEN_GAS	0.000001	0.000000	0.000016
DHN_COGEN_WOOD	0.000000	0.000000	0.000000
DHN_COGEN_WASTE	0.000000	0.000000	0.000000
DHN_COGEN_WET_BIOMASS	0.000000	0.000000	0.000000
DHN_COGEN_BIO_HYDROLYSIS	0.000000	0.000000	0.000000
DHN_BOILER_GAS	0.000000	0.000000	0.000000
DHN_BOILER_WOOD	0.000000	0.000000	0.000000
DHN_BOILER_OIL	0.000000	0.000000	0.000000
DHN_DEEP_GEO	0.000000	0.000000	0.000000
DHN_SOLAR	0.000001	0.000000	0.000000
DEC_HP_ELEC	1.224033	0.000000	0.037425
DEC_THHP_GAS	0.000001	0.000000	0.000000
DEC_COGEN_GAS	0.000000	0.000000	0.000000
DEC_COGEN_OIL	0.000000	0.000000	0.000003
DEC_ADVCOGEN_GAS	0.000000	0.000000	0.000000
DEC_ADVCOGEN_H2	1.307427	0.000000	1.810644
DEC_BOILER_GAS	0.000000	0.000000	0.000000
DEC_BOILER_WOOD	0.000000	0.000000	0.000000
DEC_BOILER_OIL	0.000000	0.000000	0.000000
DEC_SOLAR	0.000010	0.000000	0.000000
DEC_DIRECT_ELEC	0.000000	0.000000	0.000000
TRAMWAY_TROLLEY	0.086424	0.000000	0.000000
BUS_COACH_DIESEL	0.000000	0.000000	0.000000
BUS_COACH_HYDIESEL	0.000000	0.000000	0.000000
BUS_COACH_CNG_STOICH	0.000000	0.000000	0.000000
BUS_COACH_FC_HYBRIDH2	0.000000	0.000000	0.000000
BUS_COACH_ELECTRIC	5.727184	0.000000	0.017284
TRAIN_PUB	0.000000	0.000000	0.000000
CAR_GASOLINE	0.000000	0.000000	0.000000
CAR_DIESEL	0.000000	0.000000	0.000000
CAR_NG	0.000000	0.000000	0.000000
CAR_METHANOL	0.000000	0.000000	0.000000
CAR_HEV	0.000000	0.000000	0.000000
CAR_PHEV	0.000007	0.000000	0.000000
CAR_BEV	42.528698	0.000000	1.931768
CAR_FUEL_CELL	0.000000	0.000000	0.000000
TRAIN_FREIGHT	0.203897	0.000000	0.653995
BOAT_FREIGHT_DIESEL	0.000000	0.000000	0.000012
BOAT_FREIGHT_NG	0.000000	0.000000	0.000000
BOAT_FREIGHT_METHANOL	0.163287	0.000000	10.052048
TRUCK_DIESEL	0.000000	0.000000	0.000000
TRUCK_METHANOL	0.000000	0.000000	0.000000
TRUCK_FUEL_CELL	13.640710	0.000000	0.185949
TRUCK_ELEC	0.000000	0.000000	0.000000
TRUCK_NG	0.000000	0.000000	0.000000
HABER_BOSCH	2.326423	0.000000	1.330222
SYN_METHANOLATION	0.000002	0.000000	0.000000
METHANE_TO_METHANOL	0.000000	0.000000	0.000001
BIOMASS_TO_METHANOL	0.000001	0.000000	0.000000
OIL_TO_HVC	0.000001	0.000000	0.000000
GAS_TO_HVC	0.000000	0.000000	0.000000
METHANOL_TO_HVC	1.319327	0.000000	0.000000
ADLIBIO_TO_HVC	3.772826	0.000000	5.499615
PHS	2.462355	0.000000	0.000000
BATT_LI	0.407029	0.000000	0.000000
BEV_BATT	0.000000	0.000000	0.000000
PHEV_BATT	0.000012	0.000000	0.000000
TS_DEC_DIRECT_ELEC	0.000000	0.000000	0.000000
TS_DEC_HP_ELEC	0.082205	0.000000	0.000000
TS_DEC_THHP_GAS	0.000000	0.000000	0.000000
TS_DEC_COGEN_GAS	0.000000	0.000000	0.000000
TS_DEC_COGEN_OIL	0.000000	0.000000	0.000000
TS_DEC_ADVCOGEN_GAS	0.000000	0.000000	0.000000
TS_DEC_ADVCOGEN_H2	0.094516	0.000000	0.000000
TS_DEC_BOILER_GAS	0.000000	0.000000	0.000000
TS_DEC_BOILER_WOOD	0.000000	0.000000	0.000000
TS_DEC_BOILER_OIL	0.000000	0.000000	0.000000
TS_DHN_DAILY	0.000001	0.000000	0.000000
TS_DHN_SEASONAL	1.232063	0.000000	0.000000
TS_HIGH_TEMP	0.038059	0.000000	0.000000
GAS_STORAGE	0.000276	0.000000	0.000000
H2_STORAGE	0.143239	0.000000	0.000000
DIESEL_STORAGE	0.000031	0.000000	0.000000
GASOLINE_STORAGE	0.000032	0.000000	0.000000
LFO_STORAGE	0.000026	0.000000	0.000000
AMMONIA_STORAGE	0.000147	0.000000	0.000000
METHANOL_STORAGE	0.000213	0.000000	0.000000
CO2_STORAGE	0.000003	0.000000	0.000000
ADLIBIO_TO_FUEL	0.000001	0.000000	0.000000
AMMONIA_TO_H2	0.000000	0.000000	0.000000
ATM_CCS	0.000000	0.000000	0.000000
BIO_HYDROLYSIS	0.139995	0.000000	5.503421
BIOMETHANATION	0.000001	0.000000	0.000000
DHN	0.000000	0.000000	0.000000
EFFICIENCY	0.000000	0.000000	0.000000
GASIFICATION_SNG	0.000000	0.000000	0.000000
GRID	1.815333	0.000000	0.000000
H2_BIOMASS	0.011992	0.000000	0.006493
H2_ELECTROLYSIS	0.000000	0.000000	0.000000
INDUSTRY_CCS	0.000000	0.000000	0.000000
REDIFUEL	0.000000	0.000000	0.000000
SMR	0.000000	0.000000	0.000000
SYN_METHANATION	0.000000	0.000000	0.000000
AMMONIA	0.000000	0.000000	0.000000
AMMONIA_RE_BE	0.000000	0.000000	0.000000
AMMONIA_RE_IMPORT	0.000000	30.740841	0.000000
BIODIESEL	0.000000	0.000007	0.000000
BIODIESEL_BE	0.000000	0.000000	0.000000
BIOETHANOL	0.000000	0.000001	0.000000
CO2_ATM	0.000000	0.000000	0.000000
CO2_CAPTURED	0.000000	0.000000	0.000000
CO2_EMISSIONS	0.000000	0.000000	0.000000
CO2_INDUSTRY	0.000000	0.000000	0.000000
COAL	0.000000	0.000000	0.000000
DIESEL	0.000000	0.000001	0.000000
ELEC_EXPORT	0.000000	0.000000	0.000000
ELECTRICITY	0.000000	4.269846	0.000000
GAS	0.000000	1.894295	0.000000
GAS_RE_BE	0.000000	0.000000	0.000000
GAS_RE_IMPORT	0.000000	0.000003	0.000000
GASOLINE	0.000000	0.000000	0.000000
H2	0.000000	0.000000	0.000000
H2_RE_BE	0.000000	0.000000	0.000000
H2_RE_IMPORT	0.000000	56.031772	0.000000
LFO	0.000000	0.000002	0.000000
LFO_RE_BE	0.000000	0.000000	0.000000
METHANOL	0.000000	3.028669	0.000000
METHANOL_RE_BE	0.000000	0.000000	0.000000
METHANOL_RE_IMPORT	0.000000	0.000035	0.000000
RES_GEO	0.000000	0.000000	0.000000
RES_HYDRO	0.000000	0.000000	0.000000
RES_SOLAR	0.000000	0.000000	0.000000
RES_WIND	0.000000	0.000000	0.000000
URANIUM	0.000000	0.000000	0.000000
WASTE	0.000000	0.000000	0.000000
WET_BIOMASS	0.000000	9.600131	0.000000
WOOD	0.000000	3.799739	0.000000
WOOD_PRODUCTION	0.000000	5.166047	0.000000
