Name	LCA_tech	LCA_res	LCA_op
NUCLEAR	58.388674	0.000000	47.179002
CCGT	0.000004	0.000000	0.000449
CCGT_AMMONIA	0.000002	0.000000	0.000001
COAL_US	0.000002	0.000000	0.000426
COAL_IGCC	0.000002	0.000000	0.000370
PV	242.991416	0.000000	0.000000
WIND_ONSHORE	151.330241	0.000000	1.835287
WIND_OFFSHORE	0.000007	0.000000	0.000000
HYDRO_RIVER	4.213526	0.000000	0.012243
GEOTHERMAL	0.000127	0.000000	0.000000
IND_COGEN_GAS	18.363808	0.000000	2053.641363
IND_COGEN_WOOD	0.000000	0.000000	0.000000
IND_COGEN_WASTE	15.313989	0.000000	4640.036798
IND_BOILER_GAS	3.614194	0.000000	4371.645513
IND_BOILER_WOOD	0.000000	0.000000	0.000000
IND_BOILER_OIL	2.812281	0.000000	3382.835161
IND_BOILER_COAL	17.561469	0.000000	7329.422561
IND_BOILER_WASTE	0.000000	0.000000	0.000000
IND_DIRECT_ELEC	0.000000	0.000000	0.000000
DHN_HP_ELEC	0.192610	0.000000	1.135151
DHN_COGEN_GAS	3.720327	0.000000	380.687405
DHN_COGEN_WOOD	0.171344	0.000000	69.340297
DHN_COGEN_WASTE	1.034845	0.000000	313.551167
DHN_COGEN_WET_BIOMASS	0.000000	0.000000	0.000000
DHN_COGEN_BIO_HYDROLYSIS	0.000000	0.000000	0.000000
DHN_BOILER_GAS	0.074332	0.000000	45.554641
DHN_BOILER_WOOD	0.000000	0.000000	0.000000
DHN_BOILER_OIL	0.006585	0.000000	3.177642
DHN_DEEP_GEO	0.000000	0.000000	0.000000
DHN_SOLAR	0.000034	0.000000	0.000000
DEC_HP_ELEC	3.309074	0.000000	24.675711
DEC_THHP_GAS	0.000000	0.000000	0.000000
DEC_COGEN_GAS	9.655803	0.000000	352.760057
DEC_COGEN_OIL	0.000000	0.000000	0.000000
DEC_ADVCOGEN_GAS	0.000000	0.000000	0.000000
DEC_ADVCOGEN_H2	0.000000	0.000000	0.000000
DEC_BOILER_GAS	41.269644	0.000000	10448.317744
DEC_BOILER_WOOD	64.977992	0.000000	5609.724770
DEC_BOILER_OIL	52.170841	0.000000	17647.768959
DEC_SOLAR	53.225687	0.000000	0.000000
DEC_DIRECT_ELEC	0.000000	0.000000	0.000000
TRAMWAY_TROLLEY	1.539263	0.000000	0.000000
BUS_COACH_DIESEL	123.939058	0.000000	1332.351971
BUS_COACH_HYDIESEL	0.000000	0.000000	0.000000
BUS_COACH_CNG_STOICH	0.000003	0.000000	0.000002
BUS_COACH_FC_HYBRIDH2	0.000000	0.000000	0.000000
BUS_COACH_ELECTRIC	0.000001	0.000000	0.000000
TRAIN_PUB	11.468320	0.000000	1.652045
CAR_GASOLINE	1773.138236	0.000000	5316.672936
CAR_DIESEL	2267.453754	0.000000	5840.316357
CAR_NG	8.549884	0.000000	17.140706
CAR_METHANOL	0.000000	0.000000	0.000000
CAR_HEV	74.346884	0.000000	142.834598
CAR_PHEV	0.000443	0.000000	0.000000
CAR_BEV	61.408880	0.000000	8.202563
CAR_FUEL_CELL	0.000002	0.000000	0.000000
TRAIN_FREIGHT	32.381618	0.000000	39.375631
BOAT_FREIGHT_DIESEL	9.229008	0.000000	287.505643
BOAT_FREIGHT_NG	0.000000	0.000000	0.000000
BOAT_FREIGHT_METHANOL	12.233801	0.000000	423.761198
TRUCK_DIESEL	454.059322	0.000000	4506.525549
TRUCK_METHANOL	0.000000	0.000000	0.000000
TRUCK_FUEL_CELL	0.000001	0.000000	0.000000
TRUCK_ELEC	0.000001	0.000000	0.000000
TRUCK_NG	38.678677	0.000000	412.268026
HABER_BOSCH	225.318272	0.000000	12.076912
SYN_METHANOLATION	0.000029	0.000000	0.000003
METHANE_TO_METHANOL	0.000001	0.000000	0.000002
BIOMASS_TO_METHANOL	0.000032	0.000000	0.000320
OIL_TO_HVC	365.413879	0.000000	18783.866150
GAS_TO_HVC	0.000770	0.000000	0.028615
METHANOL_TO_HVC	0.000001	0.000000	0.000000
ADLIBIO_TO_HVC	0.000000	0.000000	0.000000
PHS	755.925493	0.000000	0.000000
BATT_LI	0.000022	0.000000	0.000000
BEV_BATT	0.000000	0.000000	0.000000
PHEV_BATT	0.000327	0.000000	0.000000
TS_DEC_DIRECT_ELEC	0.000028	0.000000	0.000000
TS_DEC_HP_ELEC	0.467828	0.000000	0.000000
TS_DEC_THHP_GAS	0.000028	0.000000	0.000000
TS_DEC_COGEN_GAS	0.497600	0.000000	0.000000
TS_DEC_COGEN_OIL	0.000028	0.000000	0.000000
TS_DEC_ADVCOGEN_GAS	0.000028	0.000000	0.000000
TS_DEC_ADVCOGEN_H2	0.000028	0.000000	0.000000
TS_DEC_BOILER_GAS	9.164003	0.000000	0.000000
TS_DEC_BOILER_WOOD	2.381362	0.000000	0.000000
TS_DEC_BOILER_OIL	9.188838	0.000000	0.000000
TS_DHN_DAILY	0.000257	0.000000	0.000000
TS_DHN_SEASONAL	115.388204	0.000000	0.000000
TS_HIGH_TEMP	0.000028	0.000000	0.000000
GAS_STORAGE	0.000000	0.000000	0.000000
H2_STORAGE	0.003512	0.000000	0.000000
DIESEL_STORAGE	0.003911	0.000000	0.000000
GASOLINE_STORAGE	0.003936	0.000000	0.000000
LFO_STORAGE	0.004172	0.000000	0.000000
AMMONIA_STORAGE	0.027448	0.000000	0.000000
METHANOL_STORAGE	0.015044	0.000000	0.000000
CO2_STORAGE	0.000332	0.000000	0.000000
ADLIBIO_TO_FUEL	0.000000	0.000000	0.000000
AMMONIA_TO_H2	0.000008	0.000000	0.000000
ATM_CCS	0.000004	0.000000	-0.000214
BIO_HYDROLYSIS	17.253499	0.000000	10157.541989
BIOMETHANATION	0.000028	0.000000	0.001052
DHN	0.000000	0.000000	0.000000
EFFICIENCY	0.000000	0.000000	0.000000
GASIFICATION_SNG	0.000001	0.000000	0.000403
GRID	27.990339	0.000000	0.000000
H2_BIOMASS	0.382615	0.000000	0.290422
H2_ELECTROLYSIS	0.688839	0.000000	0.046628
INDUSTRY_CCS	0.000000	0.000000	0.000028
REDIFUEL	0.000005	0.000000	0.000290
SMR	0.000000	0.000000	2315.565229
SYN_METHANATION	0.000002	0.000000	0.000000
AMMONIA	0.000000	619.350264	0.000000
AMMONIA_RE_BE	0.000000	0.000000	0.000000
AMMONIA_RE_IMPORT	0.000000	0.000000	0.000000
BIODIESEL	0.000000	-0.000021	0.000000
BIODIESEL_BE	0.000000	0.000000	0.000000
BIOETHANOL	0.000000	-0.000023	0.000000
CO2_ATM	0.000000	0.000000	0.000000
CO2_CAPTURED	0.000000	0.000000	0.000000
CO2_EMISSIONS	0.000000	0.000000	0.000000
CO2_INDUSTRY	0.000000	0.000000	0.000000
COAL	0.000000	1016.100731	0.000000
DIESEL	0.000000	1590.176969	0.000000
ELEC_EXPORT	0.000000	0.000000	0.000000
ELECTRICITY	0.000000	1429.333213	0.000000
GAS	0.000000	5592.606138	0.000000
GAS_RE_BE	0.000000	0.000000	0.000000
GAS_RE_IMPORT	0.000000	0.000000	0.000000
GASOLINE	0.000000	943.455991	0.000000
H2	0.000000	0.000002	0.000000
H2_RE_BE	0.000000	0.000000	0.000000
H2_RE_IMPORT	0.000000	0.000000	0.000000
LFO	0.000000	6154.693394	0.000000
LFO_RE_BE	0.000000	0.000000	0.000000
METHANOL	0.000000	277.037673	0.000000
METHANOL_RE_BE	0.000000	0.000000	0.000000
METHANOL_RE_IMPORT	0.000000	0.000000	0.000000
RES_GEO	0.000000	0.000000	0.000000
RES_HYDRO	0.000000	0.000000	0.000000
RES_SOLAR	0.000000	0.000000	0.000000
RES_WIND	0.000000	0.000000	0.000000
URANIUM	0.000000	158.262996	0.000000
WASTE	0.000000	0.000000	0.000000
WET_BIOMASS	0.000000	-15976.419580	0.000000
WOOD	0.000000	-5268.872324	0.000000
WOOD_PRODUCTION	0.000000	0.000000	0.000000
