TECHNOLOGIES	 c_inv	 c_maint	 lifetime	  f_min	 f	 f_max	 fmin_perc	f_perc	 fmax_perc	 c_p	 c_p_max	 tau	 gwp_constr
 UNITS	[M€/GW]	 [M€/GW/y]	 [y]	 [GW or GWh]	 [GW or GWh]	 [GW or GWh]	 [0-1]	 [0-1]	 [0-1]	 [0-1]	 [0-1]	 [-]	 [ktCO2-eq./GW or GWh]
NUCLEAR	0.000000	0.000000	60.000000	0.000000	0.000000	0.000000	0.000000	0.000000	1.000000	0.000000	0.849000	0.025393	0.000000
CCGT	0.001877	0.000048	25.000000	0.000000	0.000002	Infinity	0.000000	0.000000	1.000000	0.011130	0.961540	0.048263	0.000447
CCGT_AMMONIA	0.000475	0.000012	25.000000	0.000000	0.000001	Infinity	0.000000	0.000000	1.000000	0.000307	0.630000	0.048263	0.000113
COAL_US	0.000000	0.000000	35.000000	0.000000	0.000000	0.000000	0.000000	0.000000	1.000000	0.000000	0.868000	0.036934	0.000000
COAL_IGCC	0.000000	0.000000	35.000000	0.000000	0.000000	0.000000	0.000000	0.000000	1.000000	0.000000	0.856000	0.036934	0.000000
PV	32949.691536	376.288010	25.000000	0.000000	37.873209	59.200000	0.000000	0.493735	1.000000	0.115557	1.000000	0.048263	78830.432705
WIND_ONSHORE	10399.999998	120.960000	30.000000	0.000000	10.000000	10.000000	0.000000	0.252966	1.000000	0.224232	1.000000	0.041639	6228.499999
WIND_OFFSHORE	29847.779994	207.666000	30.000000	0.000000	6.000000	6.000000	0.000000	0.247300	1.000000	0.365350	1.000000	0.041639	3737.099999
HYDRO_RIVER	580.165797	5.801152	40.000000	0.000000	0.115000	0.115000	0.000000	0.006000	1.000000	0.462454	1.000000	0.033427	145.224299
GEOTHERMAL	0.000000	0.000000	30.000000	0.000000	0.000000	0.000000	0.000000	0.000000	1.000000	0.000000	0.950000	0.041639	0.000000
IND_COGEN_GAS	3142.336974	201.986494	25.000000	0.000000	2.231726	Infinity	0.000000	0.259015	1.000000	0.850000	0.850000	0.048263	2286.001441
IND_COGEN_WOOD	0.001056	0.000039	25.000000	0.000000	0.000001	Infinity	0.000000	0.000000	1.000000	0.005342	0.850000	0.048263	0.000161
IND_COGEN_WASTE	0.000527	0.000019	25.000000	0.000000	0.000000	Infinity	0.000000	0.000000	1.000000	0.000338	0.850000	0.048263	0.000117
IND_BOILER_GAS	425.614312	8.527361	17.000000	0.000000	7.227276	Infinity	0.000000	0.165830	1.000000	0.168045	0.950000	0.067080	89.040046
IND_BOILER_WOOD	0.000359	0.000007	17.000000	0.000000	0.000003	Infinity	0.000000	0.000000	1.000000	0.004194	0.900000	0.067080	0.000090
IND_BOILER_OIL	0.000345	0.000007	17.000000	0.000000	0.000006	Infinity	0.000000	0.000000	1.000000	0.001937	0.950000	0.067080	0.000078
IND_BOILER_COAL	348.513029	6.970220	17.000000	0.000000	3.025812	Infinity	0.000000	0.339073	1.000000	0.820704	0.900000	0.067080	145.783624
IND_BOILER_WASTE	272.301484	5.445998	17.000000	0.000000	2.364139	Infinity	0.000000	0.227509	1.000000	0.704792	0.900000	0.067080	68.252681
IND_DIRECT_ELEC	246.256699	1.117122	15.000000	0.000000	0.740978	Infinity	0.000000	0.008573	1.000000	0.084737	0.950000	0.074944	1.089238
DHN_HP_ELEC	1771.710801	60.077290	25.000000	0.000000	5.138969	Infinity	0.000000	0.566615	1.000000	0.588937	0.950000	0.048263	898.240315
DHN_COGEN_GAS	3699.070061	108.152922	25.000000	0.000000	2.948664	Infinity	0.000000	0.433385	1.000000	0.785065	0.850000	0.048263	1447.440403
DHN_COGEN_WOOD	0.000433	0.000016	25.000000	0.000000	0.000000	Infinity	0.000000	0.000000	1.000000	0.000770	0.850000	0.048263	0.000066
DHN_COGEN_WASTE	0.000477	0.000018	25.000000	0.000000	0.000000	Infinity	0.000000	0.000000	1.000000	0.000254	0.850000	0.048263	0.000106
DHN_COGEN_WET_BIOMASS	0.000328	0.000027	25.000000	0.000000	0.000000	Infinity	0.000000	0.000000	1.000000	0.000954	0.750000	0.048263	0.000244
DHN_COGEN_BIO_HYDROLYSIS	0.000346	0.000017	15.000000	0.000000	0.000000	Infinity	0.000000	0.000000	1.000000	0.000145	0.850000	0.074944	0.000049
DHN_BOILER_GAS	0.000074	0.000001	17.000000	0.000000	0.000001	Infinity	0.000000	0.000000	1.000000	0.000746	0.950000	0.067080	0.000016
DHN_BOILER_WOOD	0.000122	0.000002	17.000000	0.000000	0.000001	Infinity	0.000000	0.000000	1.000000	0.000812	0.900000	0.067080	0.000031
DHN_BOILER_OIL	0.000069	0.000001	17.000000	0.000000	0.000001	Infinity	0.000000	0.000000	1.000000	0.000742	0.950000	0.067080	0.000015
DHN_DEEP_GEO	0.000000	0.000000	30.000000	0.000000	0.000000	0.000000	0.000000	0.000000	1.000000	0.000000	0.850000	0.041639	0.000000
DHN_SOLAR	0.000519	0.000001	30.000000	0.000000	0.000001	Infinity	0.000000	0.000000	1.000000	0.000831	1.000000	0.041639	0.000317
DEC_HP_ELEC	8588.570272	358.098100	18.000000	0.000000	17.455025	Infinity	0.000000	0.897233	1.000000	0.449322	1.000000	0.063806	2878.158995
DEC_THHP_GAS	632.541011	18.487493	20.000000	0.000000	2.003741	Infinity	0.000000	0.102767	1.000000	0.448315	1.000000	0.058246	765.288864
DEC_COGEN_GAS	0.000991	0.000064	20.000000	0.000000	0.000001	Infinity	0.000000	0.000000	1.000000	0.002215	1.000000	0.058246	0.000721
DEC_COGEN_OIL	0.000864	0.000053	20.000000	0.000000	0.000001	Infinity	0.000000	0.000000	1.000000	0.001807	1.000000	0.058246	0.000678
DEC_ADVCOGEN_GAS	0.001572	0.000029	20.000000	0.000000	0.000000	Infinity	0.000000	0.000000	1.000000	0.000757	1.000000	0.058246	0.000476
DEC_ADVCOGEN_H2	0.001277	0.000024	20.000000	0.000000	0.000000	Infinity	0.000000	0.000000	1.000000	0.000375	1.000000	0.058246	0.000387
DEC_BOILER_GAS	0.000588	0.000018	17.000000	0.000000	0.000004	Infinity	0.000000	0.000000	1.000000	0.001354	1.000000	0.067080	0.000078
DEC_BOILER_WOOD	0.000512	0.000018	17.000000	0.000000	0.000001	Infinity	0.000000	0.000000	1.000000	0.001650	1.000000	0.067080	0.000023
DEC_BOILER_OIL	0.000448	0.000027	17.000000	0.000000	0.000003	Infinity	0.000000	0.000000	1.000000	0.001414	1.000000	0.067080	0.000066
DEC_SOLAR	0.004922	0.000055	20.000000	0.000000	0.000007	Infinity	0.000000	0.000000	1.000000	0.003394	1.000000	0.058246	0.001514
DEC_DIRECT_ELEC	0.000739	0.000003	15.000000	0.000000	0.000018	Infinity	0.000000	0.000000	1.000000	0.000554	1.000000	0.074944	0.000027
TRAMWAY_TROLLEY	4725.034463	94.500689	30.000000	0.000000	7.560055	Infinity	0.000000	0.300000	0.300000	0.342470	0.342470	0.041639	0.000000
BUS_COACH_DIESEL	0.000175	0.000009	15.000000	0.000000	0.000000	Infinity	0.000000	0.000000	1.000000	0.000846	0.296800	0.074944	0.000000
BUS_COACH_HYDIESEL	0.000165	0.000007	15.000000	0.000000	0.000000	Infinity	0.000000	0.000000	1.000000	0.000587	0.296800	0.074944	0.000000
BUS_COACH_CNG_STOICH	12438.835835	621.942923	15.000000	0.000000	20.354496	Infinity	0.000000	0.700000	1.000000	0.296800	0.296800	0.074944	0.000000
BUS_COACH_FC_HYBRIDH2	0.000113	0.000004	15.000000	0.000000	0.000000	Infinity	0.000000	0.000000	1.000000	0.000411	0.296800	0.074944	0.000000
BUS_COACH_ELECTRIC	0.000178	0.000008	15.000000	0.000000	0.000000	Infinity	0.000000	0.000000	1.000000	0.000734	0.296800	0.074944	0.000000
TRAIN_PUB	0.001624	0.000059	40.000000	0.000000	0.000001	Infinity	0.000000	0.000000	0.500000	0.002966	0.275070	0.033427	0.000000
CAR_GASOLINE	21014.500004	1200.000000	10.000000	50.000000	50.000000	Infinity	0.000000	0.297614	1.000000	0.051370	0.051370	0.108434	0.000000
CAR_DIESEL	0.000045	0.000003	10.000000	0.000000	0.000000	Infinity	0.000000	0.000000	1.000000	0.000055	0.051370	0.108434	0.000000
CAR_NG	0.000067	0.000004	10.000000	0.000000	0.000000	Infinity	0.000000	0.000000	1.000000	0.000082	0.051370	0.108434	0.000000
CAR_METHANOL	0.000059	0.000003	10.000000	0.000000	0.000000	Infinity	0.000000	0.000000	1.000000	0.000073	0.051370	0.108434	0.000000
CAR_HEV	0.000037	0.000003	10.000000	0.000000	0.000000	Infinity	0.000000	0.000000	1.000000	0.000046	0.051370	0.108434	0.000000
CAR_PHEV	0.017298	0.001289	10.000000	0.000000	0.000038	Infinity	0.000000	0.000000	1.000000	0.011470	0.051370	0.108434	0.000000
CAR_BEV	51193.170885	1180.028373	10.000000	0.000000	118.002837	Infinity	0.000000	0.702386	1.000000	0.051370	0.051370	0.108434	0.000000
CAR_FUEL_CELL	0.000018	0.000000	10.000000	0.000000	0.000000	Infinity	0.000000	0.000000	1.000000	0.000000	0.051370	0.108434	0.000000
TRAIN_FREIGHT	737.033461	14.740046	40.000000	0.000000	7.058355	Infinity	0.000000	1.000000	1.000000	0.342470	0.342470	0.033427	0.000000
BOAT_FREIGHT_DIESEL	0.000356	0.000018	40.000000	0.000000	0.000005	Infinity	0.000000	0.000000	1.000000	0.005292	0.114160	0.033427	0.000000
BOAT_FREIGHT_NG	0.000712	0.000036	40.000000	0.000000	0.000009	Infinity	0.000000	0.000000	1.000000	0.010600	0.114160	0.033427	0.000000
BOAT_FREIGHT_METHANOL	1941.018206	97.049499	40.000000	0.000000	25.409323	Infinity	0.000000	0.999999	1.000000	0.114160	0.114160	0.033427	0.000000
TRUCK_DIESEL	12617.740007	630.888889	15.000000	34.000000	34.000000	Infinity	0.000000	0.723510	1.000000	0.092590	0.092590	0.074944	0.000000
TRUCK_METHANOL	4821.873832	241.094414	15.000000	0.000000	12.993112	Infinity	0.000000	0.276490	1.000000	0.092590	0.092590	0.074944	0.000000
TRUCK_FUEL_CELL	0.000028	0.000001	15.000000	0.000000	0.000000	Infinity	0.000000	0.000000	1.000000	0.000054	0.092590	0.074944	0.000000
TRUCK_ELEC	0.007746	0.000413	15.000000	0.000000	0.000018	Infinity	0.000000	0.000000	1.000000	0.016529	0.092590	0.074944	0.000000
TRUCK_NG	0.000046	0.000002	15.000000	0.000000	0.000000	Infinity	0.000000	0.000000	1.000000	0.000110	0.092590	0.074944	0.000000
HABER_BOSCH	0.000745	0.000015	20.000000	0.000000	0.000001	Infinity	0.000000	1.000000	1.000000	0.003595	1.000000	0.058246	0.000000
SYN_METHANOLATION	0.000444	0.000013	20.000000	0.000000	0.000000	Infinity	0.000000	0.277463	1.000000	0.000385	0.950000	0.058246	0.000000
METHANE_TO_METHANOL	0.000532	0.000023	25.000000	0.000000	0.000001	Infinity	0.000000	0.508248	1.000000	0.000705	0.850000	0.048263	0.000000
BIOMASS_TO_METHANOL	0.000538	0.000008	20.000000	0.000000	0.000000	Infinity	0.000000	0.214289	1.000000	0.000297	1.000000	0.058246	0.000000
OIL_TO_HVC	0.000478	0.000003	20.000000	0.000000	0.000001	Infinity	0.000000	0.000000	1.000000	0.000842	1.000000	0.058246	0.000000
GAS_TO_HVC	0.000493	0.000012	20.000000	0.000000	0.000001	Infinity	0.000000	0.000000	1.000000	0.000520	1.000000	0.058246	0.000000
METHANOL_TO_HVC	3293.142940	296.382865	20.000000	0.000000	4.723383	Infinity	0.000000	1.000000	1.000000	1.000000	1.000000	0.058246	0.000000
ADLIBIO_TO_HVC	0.000915	0.000020	20.000000	0.000000	0.000001	Infinity	0.000000	0.000000	1.000000	0.005590	1.000000	0.058246	0.000954
PHS	294.000442	0.000000	50.000000	5.000000	5.000008	6.500000	0.000000	-1.000000	1.000000	0.020816	1.000000	0.028572	
BATT_LI	0.002658	0.000004	15.000000	0.000000	0.000009	Infinity	0.000000	-1.000000	1.000000	0.002030	1.000000	0.074944	
BEV_BATT	0.000000	0.000000	1.000000	0.000000	117.066307	Infinity	0.000000	-1.000000	1.000000	0.004353	1.000000	1.015000	
PHEV_BATT	0.000000	0.000000	1.000000	0.000000	0.000008	Infinity	0.000000	-1.000000	1.000000	0.000560	1.000000	1.015000	
TS_DEC_DIRECT_ELEC	0.001851	0.000013	20.000000	0.000000	0.000098	Infinity	0.000000	-1.000000	1.000000	0.000555	1.000000	0.058246	
TS_DEC_HP_ELEC	1012.332437	7.087005	20.000000	0.000000	53.364915	Infinity	0.000000	-1.000000	1.000000	0.029113	1.000000	0.058246	
TS_DEC_THHP_GAS	61.290663	0.429076	20.000000	0.000000	3.230926	Infinity	0.000000	-1.000000	1.000000	0.049941	1.000000	0.058246	
TS_DEC_COGEN_GAS	0.001849	0.000013	20.000000	0.000000	0.000097	Infinity	0.000000	-1.000000	1.000000	0.000651	1.000000	0.058246	
TS_DEC_COGEN_OIL	0.001857	0.000013	20.000000	0.000000	0.000098	Infinity	0.000000	-1.000000	1.000000	0.000668	1.000000	0.058246	
TS_DEC_ADVCOGEN_GAS	0.001852	0.000013	20.000000	0.000000	0.000098	Infinity	0.000000	-1.000000	1.000000	0.000545	1.000000	0.058246	
TS_DEC_ADVCOGEN_H2	0.001837	0.000013	20.000000	0.000000	0.000097	Infinity	0.000000	-1.000000	1.000000	0.000340	1.000000	0.058246	
TS_DEC_BOILER_GAS	0.001849	0.000013	20.000000	0.000000	0.000097	Infinity	0.000000	-1.000000	1.000000	0.000795	1.000000	0.058246	
TS_DEC_BOILER_WOOD	0.001846	0.000013	20.000000	0.000000	0.000097	Infinity	0.000000	-1.000000	1.000000	0.000671	1.000000	0.058246	
TS_DEC_BOILER_OIL	0.001846	0.000013	20.000000	0.000000	0.000097	Infinity	0.000000	-1.000000	1.000000	0.000638	1.000000	0.058246	
TS_DHN_DAILY	0.003172	0.000009	40.000000	0.000000	0.001057	Infinity	0.000000	-1.000000	1.000000	0.001195	1.000000	0.033427	
TS_DHN_SEASONAL	314.568195	1.723329	25.000000	0.000000	582.533694	Infinity	0.000000	-1.000000	1.000000	0.001461	1.000000	0.048263	
TS_HIGH_TEMP	67.348062	0.720814	25.000000	0.000000	2.402714	Infinity	0.000000	-1.000000	1.000000	0.040001	1.000000	0.048263	
GAS_STORAGE	59.555318	1.559354	50.000000	0.000000	1191.106365	Infinity	0.000000	-1.000000	1.000000	0.000259	1.000000	0.028572	
H2_STORAGE	2.361884	0.148810	20.000000	0.000000	0.381564	Infinity	0.000000	-1.000000	1.000000	0.006605	1.000000	0.058246	
DIESEL_STORAGE	0.023733	0.000942	20.000000	0.000000	2.373276	Infinity	0.000000	-1.000000	1.000000	0.000026	1.000000	0.058246	
GASOLINE_STORAGE	2.602517	0.103320	20.000000	0.000000	260.251660	Infinity	0.000000	-1.000000	1.000000	0.001627	1.000000	0.058246	
LFO_STORAGE	0.044474	0.001766	20.000000	0.000000	4.447353	Infinity	0.000000	-1.000000	1.000000	0.000000	1.000000	0.058246	
AMMONIA_STORAGE	0.000056	0.000002	20.000000	0.000000	0.005615	Infinity	0.000000	-1.000000	1.000000	0.000020	1.000000	0.058246	
METHANOL_STORAGE	0.000002	0.000000	20.000000	0.000000	0.000181	Infinity	0.000000	-1.000000	1.000000	0.000005	1.000000	0.058246	
CO2_STORAGE	0.037397	0.000374	30.000000	0.000000	0.000756	Infinity	0.000000	-1.000000	1.000000	0.000005	1.000000	0.041639	
ADLIBIO_TO_FUEL	914.996210	16.707491	20.000000	0.000000	1.305273	Infinity	0.000000	-1.000000	1.000000	0.977597	1.000000	0.058246	
AMMONIA_TO_H2	0.000258	0.000024	25.000000	0.000000	0.000000	Infinity	0.000000	-1.000000	1.000000	0.000331	0.860000	0.048263	
ATM_CCS	0.000694	0.000017	40.000000	0.000000	0.000000	Infinity	0.000000	-1.000000	1.000000	0.000113	1.000000	0.033427	
BIO_HYDROLYSIS	3517.898959	239.852619	15.000000	0.000000	2.209860	Infinity	0.000000	-1.000000	1.000000	0.850000	0.850000	0.074944	
BIOMETHANATION	0.011071	0.000153	20.000000	0.000000	0.000011	Infinity	0.000000	-1.000000	1.000000	0.061672	0.850000	0.058246	
DHN	6679.419622	0.000000	60.000000	0.000000	8.087639	Infinity	0.000000	-1.000000	1.000000	0.000000	1.000000	0.025393	
EFFICIENCY	5517.241379	0.000000	1.000000	0.000000	0.985222	Infinity	0.000000	-1.000000	1.000000	0.000000	1.000000	1.015000	
GASIFICATION_SNG	0.000433	0.000031	25.000000	0.000000	0.000000	Infinity	0.000000	-1.000000	1.000000	0.000594	0.850000	0.048263	
GRID	94733.626145	0.000000	80.000000	0.000000	1.264480	Infinity	0.000000	-1.000000	1.000000	0.000000	1.000000	0.021548	
H2_BIOMASS	682.204411	48.060502	25.000000	0.000000	0.270138	Infinity	0.000000	-1.000000	1.000000	0.860000	0.860000	0.048263	
H2_ELECTROLYSIS	0.001282	0.000035	15.000000	0.000000	0.000002	Infinity	0.000000	-1.000000	1.000000	0.002826	0.900000	0.074944	
INDUSTRY_CCS	0.000644	0.000016	40.000000	0.000000	0.000000	Infinity	0.000000	-1.000000	1.000000	0.000175	1.000000	0.033427	
REDIFUEL	0.000409	0.000011	20.000000	0.000000	0.000000	Infinity	0.000000	-1.000000	1.000000	0.000114	1.000000	0.058246	
SMR	8.318616	0.767654	25.000000	0.000000	0.012211	Infinity	0.000000	-1.000000	1.000000	0.509931	0.860000	0.048263	
SYN_METHANATION	0.000135	0.000035	40.000000	0.000000	0.000001	Infinity	0.000000	-1.000000	1.000000	0.000842	1.000000	0.033427	