Name	C_inv	C_maint	C_op
NUCLEAR	0.000000	0.000000	0.000000
CCGT	0.000091	0.000048	0.000000
CCGT_AMMONIA	0.000023	0.000012	0.000000
COAL_US	0.000000	0.000000	0.000000
COAL_IGCC	0.000000	0.000000	0.000000
PV	1590.265919	376.288010	0.000000
WIND_ONSHORE	433.047558	120.960000	0.000000
WIND_OFFSHORE	1242.837330	207.666000	0.000000
HYDRO_RIVER	19.393261	5.801152	0.000000
GEOTHERMAL	0.000000	0.000000	0.000000
IND_COGEN_GAS	151.660036	201.986494	0.000000
IND_COGEN_WOOD	0.000051	0.000039	0.000000
IND_COGEN_WASTE	0.000025	0.000019	0.000000
IND_BOILER_GAS	28.550062	8.527361	0.000000
IND_BOILER_WOOD	0.000024	0.000007	0.000000
IND_BOILER_OIL	0.000023	0.000007	0.000000
IND_BOILER_COAL	23.378134	6.970220	0.000000
IND_BOILER_WASTE	18.265890	5.445998	0.000000
IND_DIRECT_ELEC	18.455550	1.117122	0.000000
DHN_HP_ELEC	85.508883	60.077290	0.000000
DHN_COGEN_GAS	178.529897	108.152922	0.000000
DHN_COGEN_WOOD	0.000021	0.000016	0.000000
DHN_COGEN_WASTE	0.000023	0.000018	0.000000
DHN_COGEN_WET_BIOMASS	0.000016	0.000027	0.000000
DHN_COGEN_BIO_HYDROLYSIS	0.000026	0.000017	0.000000
DHN_BOILER_GAS	0.000005	0.000001	0.000000
DHN_BOILER_WOOD	0.000008	0.000002	0.000000
DHN_BOILER_OIL	0.000005	0.000001	0.000000
DHN_DEEP_GEO	0.000000	0.000000	0.000000
DHN_SOLAR	0.000022	0.000001	0.000000
DEC_HP_ELEC	548.000440	358.098100	0.000000
DEC_THHP_GAS	36.842817	18.487493	0.000000
DEC_COGEN_GAS	0.000058	0.000064	0.000000
DEC_COGEN_OIL	0.000050	0.000053	0.000000
DEC_ADVCOGEN_GAS	0.000092	0.000029	0.000000
DEC_ADVCOGEN_H2	0.000074	0.000024	0.000000
DEC_BOILER_GAS	0.000039	0.000018	0.000000
DEC_BOILER_WOOD	0.000034	0.000018	0.000000
DEC_BOILER_OIL	0.000030	0.000027	0.000000
DEC_SOLAR	0.000287	0.000055	0.000000
DEC_DIRECT_ELEC	0.000055	0.000003	0.000000
TRAMWAY_TROLLEY	196.746600	94.500689	0.000000
BUS_COACH_DIESEL	0.000013	0.000009	0.000000
BUS_COACH_HYDIESEL	0.000012	0.000007	0.000000
BUS_COACH_CNG_STOICH	932.220537	621.942923	0.000000
BUS_COACH_FC_HYBRIDH2	0.000008	0.000004	0.000000
BUS_COACH_ELECTRIC	0.000013	0.000008	0.000000
TRAIN_PUB	0.000054	0.000059	0.000000
CAR_GASOLINE	2278.690031	1200.000000	0.000000
CAR_DIESEL	0.000005	0.000003	0.000000
CAR_NG	0.000007	0.000004	0.000000
CAR_METHANOL	0.000006	0.000003	0.000000
CAR_HEV	0.000004	0.000003	0.000000
CAR_PHEV	0.001876	0.001289	0.000000
CAR_BEV	5551.089397	1180.028373	0.000000
CAR_FUEL_CELL	0.000002	0.000000	0.000000
TRAIN_FREIGHT	24.636892	14.740046	0.000000
BOAT_FREIGHT_DIESEL	0.000012	0.000018	0.000000
BOAT_FREIGHT_NG	0.000024	0.000036	0.000000
BOAT_FREIGHT_METHANOL	64.882613	97.049499	0.000000
TRUCK_DIESEL	945.628395	630.888889	0.000000
TRUCK_METHANOL	361.372227	241.094414	0.000000
TRUCK_FUEL_CELL	0.000002	0.000001	0.000000
TRUCK_ELEC	0.000581	0.000413	0.000000
TRUCK_NG	0.000003	0.000002	0.000000
HABER_BOSCH	0.000043	0.000015	0.000000
SYN_METHANOLATION	0.000026	0.000013	0.000000
METHANE_TO_METHANOL	0.000026	0.000023	0.000000
BIOMASS_TO_METHANOL	0.000031	0.000008	0.000000
OIL_TO_HVC	0.000028	0.000003	0.000000
GAS_TO_HVC	0.000029	0.000012	0.000000
METHANOL_TO_HVC	191.811534	296.382865	0.000000
ADLIBIO_TO_HVC	0.000053	0.000020	0.000000
PHS	8.400088	0.000000	0.000000
BATT_LI	0.000199	0.000004	0.000000
BEV_BATT	0.000000	0.000000	0.000000
PHEV_BATT	0.000000	0.000000	0.000000
TS_DEC_DIRECT_ELEC	0.000108	0.000013	0.000000
TS_DEC_HP_ELEC	58.964048	7.087005	0.000000
TS_DEC_THHP_GAS	3.569920	0.429076	0.000000
TS_DEC_COGEN_GAS	0.000108	0.000013	0.000000
TS_DEC_COGEN_OIL	0.000108	0.000013	0.000000
TS_DEC_ADVCOGEN_GAS	0.000108	0.000013	0.000000
TS_DEC_ADVCOGEN_H2	0.000107	0.000013	0.000000
TS_DEC_BOILER_GAS	0.000108	0.000013	0.000000
TS_DEC_BOILER_WOOD	0.000108	0.000013	0.000000
TS_DEC_BOILER_OIL	0.000107	0.000013	0.000000
TS_DHN_DAILY	0.000106	0.000009	0.000000
TS_DHN_SEASONAL	15.182148	1.723329	0.000000
TS_HIGH_TEMP	3.250450	0.720814	0.000000
GAS_STORAGE	1.701596	1.559354	0.000000
H2_STORAGE	0.137570	0.148810	0.000000
DIESEL_STORAGE	0.001382	0.000942	0.000000
GASOLINE_STORAGE	0.151585	0.103320	0.000000
LFO_STORAGE	0.002590	0.001766	0.000000
AMMONIA_STORAGE	0.000003	0.000002	0.000000
METHANOL_STORAGE	0.000000	0.000000	0.000000
CO2_STORAGE	0.001557	0.000374	0.000000
ADLIBIO_TO_FUEL	53.294628	16.707491	0.000000
AMMONIA_TO_H2	0.000012	0.000024	0.000000
ATM_CCS	0.000023	0.000017	0.000000
BIO_HYDROLYSIS	263.646671	239.852619	0.000000
BIOMETHANATION	0.000645	0.000153	0.000000
DHN	169.613357	0.000000	0.000000
EFFICIENCY	5600.000000	0.000000	0.000000
GASIFICATION_SNG	0.000021	0.000031	0.000000
GRID	2041.350783	0.000000	0.000000
H2_BIOMASS	32.925541	48.060502	0.000000
H2_ELECTROLYSIS	0.000096	0.000035	0.000000
INDUSTRY_CCS	0.000022	0.000016	0.000000
REDIFUEL	0.000024	0.000011	0.000000
SMR	0.401485	0.767654	0.000000
SYN_METHANATION	0.000005	0.000035	0.000000
AMMONIA	0.000000	0.000000	0.000049
AMMONIA_RE_BE	0.000000	0.000000	0.000000
AMMONIA_RE_IMPORT	0.000000	0.000000	1118.736072
BIODIESEL	0.000000	0.000000	0.000059
BIODIESEL_BE	0.000000	0.000000	0.000000
BIOETHANOL	0.000000	0.000000	0.000039
CO2_ATM	0.000000	0.000000	0.000000
CO2_CAPTURED	0.000000	0.000000	0.000000
CO2_EMISSIONS	0.000000	0.000000	0.000000
CO2_INDUSTRY	0.000000	0.000000	0.000000
COAL	0.000000	0.000000	412.398820
DIESEL	0.000000	0.000000	897.338457
ELEC_EXPORT	0.000000	0.000000	0.000000
ELECTRICITY	0.000000	0.000000	1756.919876
GAS	0.000000	0.000000	4486.120304
GAS_RE_BE	0.000000	0.000000	0.000000
GAS_RE_IMPORT	0.000000	0.000000	0.000000
GASOLINE	0.000000	0.000000	0.000120
H2	0.000000	0.000000	0.000001
H2_RE_BE	0.000000	0.000000	0.000000
H2_RE_IMPORT	0.000000	0.000000	478.242406
LFO	0.000000	0.000000	0.000421
LFO_RE_BE	0.000000	0.000000	0.000000
METHANOL	0.000000	0.000000	2115.845667
METHANOL_RE_BE	0.000000	0.000000	0.000000
METHANOL_RE_IMPORT	0.000000	0.000000	0.000055
RES_GEO	0.000000	0.000000	0.000000
RES_HYDRO	0.000000	0.000000	0.000000
RES_SOLAR	0.000000	0.000000	0.000000
RES_WIND	0.000000	0.000000	0.000000
URANIUM	0.000000	0.000000	0.000000
WASTE	0.000000	0.000000	377.143336
WET_BIOMASS	0.000000	0.000000	205.595172
WOOD	0.000000	0.000000	767.519997
WOOD_PRODUCTION	0.000000	0.000000	0.000108
