Name	LCA_tech	LCA_res	LCA_op
NUCLEAR	0.000000	0.000000	0.000000
CCGT	0.000019	0.000000	0.003304
CCGT_AMMONIA	0.000004	0.000000	0.000001
COAL_US	0.000000	0.000000	0.000000
COAL_IGCC	0.000000	0.000000	0.000000
PV	1179.444131	0.000000	0.000000
WIND_ONSHORE	133.608580	0.000000	2.127250
WIND_OFFSHORE	118.263260	0.000000	3.025730
HYDRO_RIVER	3.051277	0.000000	0.009496
GEOTHERMAL	0.000000	0.000000	0.000000
IND_COGEN_GAS	38.397097	0.000000	8111.750615
IND_COGEN_WOOD	0.000003	0.000000	0.000766
IND_COGEN_WASTE	0.000005	0.000000	0.000229
IND_BOILER_GAS	4.474298	0.000000	2708.266128
IND_BOILER_WOOD	0.000014	0.000000	0.000505
IND_BOILER_OIL	0.000004	0.000000	0.000398
IND_BOILER_COAL	0.000020	0.000000	0.000821
IND_BOILER_WASTE	11.298702	0.000000	4550.729581
IND_DIRECT_ELEC	0.331292	0.000000	0.000000
DHN_HP_ELEC	27.347626	0.000000	384.811831
DHN_COGEN_GAS	17.147010	0.000000	7045.888719
DHN_COGEN_WOOD	0.000001	0.000000	0.000270
DHN_COGEN_WASTE	0.000004	0.000000	0.000194
DHN_COGEN_WET_BIOMASS	0.000038	0.000000	0.001080
DHN_COGEN_BIO_HYDROLYSIS	0.000001	0.000000	0.000231
DHN_BOILER_GAS	0.000001	0.000000	0.000239
DHN_BOILER_WOOD	0.000004	0.000000	0.000231
DHN_BOILER_OIL	0.000001	0.000000	0.000160
DHN_DEEP_GEO	0.000000	0.000000	0.000000
DHN_SOLAR	0.000049	0.000000	0.000000
DEC_HP_ELEC	133.470492	0.000000	1357.926622
DEC_THHP_GAS	0.000381	0.000000	0.012333
DEC_COGEN_GAS	0.000019	0.000000	0.000722
DEC_COGEN_OIL	0.000016	0.000000	0.000674
DEC_ADVCOGEN_GAS	0.000013	0.000000	0.000605
DEC_ADVCOGEN_H2	0.000011	0.000000	0.000003
DEC_BOILER_GAS	0.000008	0.000000	0.000330
DEC_BOILER_WOOD	0.000021	0.000000	0.000364
DEC_BOILER_OIL	0.000007	0.000000	0.000289
DEC_SOLAR	0.000554	0.000000	0.000000
DEC_DIRECT_ELEC	0.000001	0.000000	0.000000
TRAMWAY_TROLLEY	6.777617	0.000000	0.000000
BUS_COACH_DIESEL	0.000003	0.000000	0.000044
BUS_COACH_HYDIESEL	0.000003	0.000000	0.000035
BUS_COACH_CNG_STOICH	70.532502	0.000000	1113.871039
BUS_COACH_FC_HYBRIDH2	0.000007	0.000000	0.000003
BUS_COACH_ELECTRIC	0.000117	0.000000	0.000053
TRAIN_PUB	20.546124	0.000000	4.412859
CAR_GASOLINE	807.192511	0.000000	3184.409504
CAR_DIESEL	0.000002	0.000000	0.000006
CAR_NG	0.000002	0.000000	0.000006
CAR_METHANOL	0.000002	0.000000	0.000007
CAR_HEV	0.000002	0.000000	0.000005
CAR_PHEV	0.000764	0.000000	0.000386
CAR_BEV	2866.916260	0.000000	465.654569
CAR_FUEL_CELL	0.000001	0.000000	0.000000
TRAIN_FREIGHT	28.944183	0.000000	48.205783
BOAT_FREIGHT_DIESEL	0.000000	0.000000	0.000003
BOAT_FREIGHT_NG	0.000000	0.000000	0.000007
BOAT_FREIGHT_METHANOL	19.784965	0.000000	857.363991
TRUCK_DIESEL	337.456018	0.000000	3930.810777
TRUCK_METHANOL	0.000001	0.000000	0.000011
TRUCK_FUEL_CELL	0.000478	0.000000	0.000009
TRUCK_ELEC	188.027123	0.000000	3.600499
TRUCK_NG	0.000000	0.000000	0.000006
HABER_BOSCH	0.000423	0.000000	0.000018
SYN_METHANOLATION	0.000031	0.000000	0.000003
METHANE_TO_METHANOL	0.000002	0.000000	0.000008
BIOMASS_TO_METHANOL	0.000023	0.000000	0.000155
OIL_TO_HVC	0.000093	0.000000	0.000892
GAS_TO_HVC	3.942964	0.000000	40.595242
METHANOL_TO_HVC	183.432319	0.000000	9730.254398
ADLIBIO_TO_HVC	16.020000	0.000000	1525.296579
PHS	546.176233	0.000000	0.000000
BATT_LI	0.000099	0.000000	0.000000
BEV_BATT	0.000000	0.000000	0.000000
PHEV_BATT	0.000626	0.000000	0.000000
TS_DEC_DIRECT_ELEC	0.000032	0.000000	0.000000
TS_DEC_HP_ELEC	19.234393	0.000000	0.000000
TS_DEC_THHP_GAS	0.000035	0.000000	0.000000
TS_DEC_COGEN_GAS	0.000032	0.000000	0.000000
TS_DEC_COGEN_OIL	0.000031	0.000000	0.000000
TS_DEC_ADVCOGEN_GAS	0.000032	0.000000	0.000000
TS_DEC_ADVCOGEN_H2	0.000031	0.000000	0.000000
TS_DEC_BOILER_GAS	0.000032	0.000000	0.000000
TS_DEC_BOILER_WOOD	0.000032	0.000000	0.000000
TS_DEC_BOILER_OIL	0.000032	0.000000	0.000000
TS_DHN_DAILY	0.000195	0.000000	0.000000
TS_DHN_SEASONAL	155.943802	0.000000	0.000000
TS_HIGH_TEMP	12.067825	0.000000	0.000000
GAS_STORAGE	226.658599	0.000000	0.000000
H2_STORAGE	0.002117	0.000000	0.000000
DIESEL_STORAGE	0.001323	0.000000	0.000000
GASOLINE_STORAGE	1.359194	0.000000	0.000000
LFO_STORAGE	0.001239	0.000000	0.000000
AMMONIA_STORAGE	0.006161	0.000000	0.000000
METHANOL_STORAGE	0.006152	0.000000	0.000000
CO2_STORAGE	0.000361	0.000000	0.000000
ADLIBIO_TO_FUEL	65.900395	0.000000	0.000000
AMMONIA_TO_H2	0.000007	0.000000	0.000000
ATM_CCS	0.000004	0.000000	-0.000213
BIO_HYDROLYSIS	15.762538	0.000000	10124.546072
BIOMETHANATION	0.000474	0.000000	0.017264
DHN	0.000000	0.000000	0.000000
EFFICIENCY	0.000000	0.000000	0.000000
GASIFICATION_SNG	0.000001	0.000000	0.000191
GRID	23.397095	0.000000	0.000000
H2_BIOMASS	4.130061	0.000000	2.720630
H2_ELECTROLYSIS	0.000025	0.000000	0.000000
INDUSTRY_CCS	0.000000	0.000000	0.000023
REDIFUEL	0.000004	0.000000	0.000096
SMR	0.000000	0.000000	0.000611
SYN_METHANATION	0.000001	0.000000	0.000000
AMMONIA	0.000000	0.000136	0.000000
AMMONIA_RE_BE	0.000000	0.000000	0.000000
AMMONIA_RE_IMPORT	0.000000	773.351703	0.000000
BIODIESEL	0.000000	-0.000078	0.000000
BIODIESEL_BE	0.000000	0.000000	0.000000
BIOETHANOL	0.000000	-0.000022	0.000000
CO2_ATM	0.000000	0.000000	0.000000
CO2_CAPTURED	0.000000	0.000000	0.000000
CO2_EMISSIONS	0.000000	0.000000	0.000000
CO2_INDUSTRY	0.000000	0.000000	0.000000
COAL	0.000000	0.000093	0.000000
DIESEL	0.000000	521.323739	0.000000
ELEC_EXPORT	0.000000	0.000000	0.000000
ELECTRICITY	0.000000	1100.911963	0.000000
GAS	0.000000	5225.006843	0.000000
GAS_RE_BE	0.000000	0.000000	0.000000
GAS_RE_IMPORT	0.000000	-0.000106	0.000000
GASOLINE	0.000000	0.000040	0.000000
H2	0.000000	0.000012	0.000000
H2_RE_BE	0.000000	0.000000	0.000000
H2_RE_IMPORT	0.000000	233.871445	0.000000
LFO	0.000000	0.000343	0.000000
LFO_RE_BE	0.000000	0.000000	0.000000
METHANOL	0.000000	3906.281314	0.000000
METHANOL_RE_BE	0.000000	0.000000	0.000000
METHANOL_RE_IMPORT	0.000000	-0.000035	0.000000
RES_GEO	0.000000	0.000000	0.000000
RES_HYDRO	0.000000	0.000000	0.000000
RES_SOLAR	0.000000	0.000000	0.000000
RES_WIND	0.000000	0.000000	0.000000
URANIUM	0.000000	0.000000	0.000000
WASTE	0.000000	0.000000	0.000000
WET_BIOMASS	0.000000	-16198.328226	0.000000
WOOD	0.000000	-7496.776420	0.000000
WOOD_PRODUCTION	0.000000	-8549.022758	0.000000
