Name	Crit_1_tech	Crit_1_res	Crit_1_op
NUCLEAR	0.000000	0.000000	0.000000
CCGT	0.379859	0.000000	4.709986
CCGT_AMMONIA	0.000000	0.000000	0.000000
COAL_US	0.000000	0.000000	0.000000
COAL_IGCC	0.000000	0.000000	0.000000
PV	0.712923	0.000000	0.000000
WIND_ONSHORE	1.084824	0.000000	0.011155
WIND_OFFSHORE	0.000001	0.000000	0.000000
HYDRO_RIVER	0.018707	0.000000	0.000049
GEOTHERMAL	0.000000	0.000000	0.000000
IND_COGEN_GAS	0.342483	0.000000	6.646172
IND_COGEN_WOOD	0.000000	0.000000	0.000000
IND_COGEN_WASTE	0.000000	0.000000	0.000000
IND_BOILER_GAS	0.005002	0.000000	0.055663
IND_BOILER_WOOD	0.000000	0.000000	0.000000
IND_BOILER_OIL	0.000000	0.000000	0.000001
IND_BOILER_COAL	0.173518	0.000000	96.462986
IND_BOILER_WASTE	0.071899	0.000000	1.031947
IND_DIRECT_ELEC	0.000000	0.000000	0.000000
DHN_HP_ELEC	0.393801	0.000000	0.020030
DHN_COGEN_GAS	0.010219	0.000000	0.260404
DHN_COGEN_WOOD	0.000000	0.000000	0.000000
DHN_COGEN_WASTE	0.000000	0.000000	0.000000
DHN_COGEN_WET_BIOMASS	1.031408	0.000000	2.935447
DHN_COGEN_BIO_HYDROLYSIS	0.000000	0.000000	0.000001
DHN_BOILER_GAS	0.000000	0.000000	0.000000
DHN_BOILER_WOOD	0.000000	0.000000	0.000000
DHN_BOILER_OIL	0.000000	0.000000	0.000000
DHN_DEEP_GEO	0.000000	0.000000	0.000000
DHN_SOLAR	0.000000	0.000000	0.000000
DEC_HP_ELEC	0.000000	0.000000	0.000000
DEC_THHP_GAS	4.354670	0.000000	1.484202
DEC_COGEN_GAS	0.000000	0.000000	0.000000
DEC_COGEN_OIL	0.000000	0.000000	0.000003
DEC_ADVCOGEN_GAS	0.000000	0.000000	0.000000
DEC_ADVCOGEN_H2	0.000000	0.000000	0.000000
DEC_BOILER_GAS	0.000000	0.000000	0.000000
DEC_BOILER_WOOD	0.000000	0.000000	0.000000
DEC_BOILER_OIL	0.000000	0.000000	0.000000
DEC_SOLAR	0.000002	0.000000	0.000000
DEC_DIRECT_ELEC	0.000000	0.000000	0.000000
TRAMWAY_TROLLEY	0.000000	0.000000	0.000000
BUS_COACH_DIESEL	0.000000	0.000000	0.000000
BUS_COACH_HYDIESEL	0.000000	0.000000	0.000000
BUS_COACH_CNG_STOICH	3.281766	0.000000	6.405868
BUS_COACH_FC_HYBRIDH2	0.000000	0.000000	0.000000
BUS_COACH_ELECTRIC	0.000000	0.000000	0.000000
TRAIN_PUB	0.000000	0.000000	0.000000
CAR_GASOLINE	19.502825	0.000000	6.183016
CAR_DIESEL	0.000000	0.000000	0.000000
CAR_NG	0.000000	0.000000	0.000000
CAR_METHANOL	0.000000	0.000000	0.000000
CAR_HEV	0.000000	0.000000	0.000000
CAR_PHEV	0.000005	0.000000	0.000000
CAR_BEV	2.207183	0.000000	0.105197
CAR_FUEL_CELL	0.000000	0.000000	0.000000
TRAIN_FREIGHT	0.199452	0.000000	0.557330
BOAT_FREIGHT_DIESEL	0.000000	0.000000	0.000000
BOAT_FREIGHT_NG	0.000000	0.000000	0.000000
BOAT_FREIGHT_METHANOL	0.154666	0.000000	9.910584
TRUCK_DIESEL	6.533789	0.000000	10.723578
TRUCK_METHANOL	0.000000	0.000000	0.000000
TRUCK_FUEL_CELL	0.000000	0.000000	0.000000
TRUCK_ELEC	0.000000	0.000000	0.000000
TRUCK_NG	0.000000	0.000000	0.000000
HABER_BOSCH	2.469738	0.000000	2.252623
SYN_METHANOLATION	0.000000	0.000000	0.000000
METHANE_TO_METHANOL	0.000000	0.000000	0.000000
BIOMASS_TO_METHANOL	0.000000	0.000000	0.000000
OIL_TO_HVC	0.000000	0.000000	0.000000
GAS_TO_HVC	0.000000	0.000000	0.000000
METHANOL_TO_HVC	4.005369	0.000000	0.000000
ADLIBIO_TO_HVC	0.000000	0.000000	0.000000
PHS	2.913106	0.000000	0.000000
BATT_LI	0.000000	0.000000	0.000000
BEV_BATT	0.000000	0.000000	0.000000
PHEV_BATT	0.000007	0.000000	0.000000
TS_DEC_DIRECT_ELEC	0.000000	0.000000	0.000000
TS_DEC_HP_ELEC	0.000000	0.000000	0.000000
TS_DEC_THHP_GAS	0.059181	0.000000	0.000000
TS_DEC_COGEN_GAS	0.000000	0.000000	0.000000
TS_DEC_COGEN_OIL	0.000000	0.000000	0.000000
TS_DEC_ADVCOGEN_GAS	0.000000	0.000000	0.000000
TS_DEC_ADVCOGEN_H2	0.000000	0.000000	0.000000
TS_DEC_BOILER_GAS	0.000000	0.000000	0.000000
TS_DEC_BOILER_WOOD	0.000000	0.000000	0.000000
TS_DEC_BOILER_OIL	0.000000	0.000000	0.000000
TS_DHN_DAILY	0.000001	0.000000	0.000000
TS_DHN_SEASONAL	1.847000	0.000000	0.000000
TS_HIGH_TEMP	0.000000	0.000000	0.000000
GAS_STORAGE	25.517927	0.000000	0.000000
H2_STORAGE	0.000008	0.000000	0.000000
DIESEL_STORAGE	0.000029	0.000000	0.000000
GASOLINE_STORAGE	0.007618	0.000000	0.000000
LFO_STORAGE	0.000023	0.000000	0.000000
AMMONIA_STORAGE	0.000708	0.000000	0.000000
METHANOL_STORAGE	0.001598	0.000000	0.000000
CO2_STORAGE	0.000002	0.000000	0.000000
ADLIBIO_TO_FUEL	1.443184	0.000000	1.714900
AMMONIA_TO_H2	0.000000	0.000000	0.000000
ATM_CCS	0.000000	0.000000	0.000000
BIO_HYDROLYSIS	0.000000	0.000000	0.000002
BIOMETHANATION	0.000000	0.000000	0.000000
DHN	0.000000	0.000000	0.000000
EFFICIENCY	0.000000	0.000000	0.000000
GASIFICATION_SNG	0.000000	0.000000	0.000000
GRID	1.446700	0.000000	0.000000
H2_BIOMASS	0.000000	0.000000	0.000000
H2_ELECTROLYSIS	0.000000	0.000000	0.000000
INDUSTRY_CCS	0.000000	0.000000	0.000000
REDIFUEL	0.000000	0.000000	0.000000
SMR	0.000000	0.000000	0.000002
SYN_METHANATION	0.000000	0.000000	0.000000
AMMONIA	0.000000	0.000000	0.000000
AMMONIA_RE_BE	0.000000	0.000000	0.000000
AMMONIA_RE_IMPORT	0.000000	0.000001	0.000000
BIODIESEL	0.000000	0.000001	0.000000
BIODIESEL_BE	0.000000	0.000000	0.000000
BIOETHANOL	0.000000	0.000002	0.000000
CO2_ATM	0.000000	0.000000	0.000000
CO2_CAPTURED	0.000000	0.000000	0.000000
CO2_EMISSIONS	0.000000	0.000000	0.000000
CO2_INDUSTRY	0.000000	0.000000	0.000000
COAL	0.000000	13.080830	0.000000
DIESEL	0.000000	9.255839	0.000000
ELEC_EXPORT	0.000000	0.000000	0.000000
ELECTRICITY	0.000000	11.477743	0.000000
GAS	0.000000	21.974850	0.000000
GAS_RE_BE	0.000000	0.000000	0.000000
GAS_RE_IMPORT	0.000000	0.000000	0.000000
GASOLINE	0.000000	13.124512	0.000000
H2	0.000000	9.501501	0.000000
H2_RE_BE	0.000000	0.000000	0.000000
H2_RE_IMPORT	0.000000	0.000000	0.000000
LFO	0.000000	0.000001	0.000000
LFO_RE_BE	0.000000	0.000000	0.000000
METHANOL	0.000000	18.432791	0.000000
METHANOL_RE_BE	0.000000	0.000000	0.000000
METHANOL_RE_IMPORT	0.000000	0.000000	0.000000
RES_GEO	0.000000	0.000000	0.000000
RES_HYDRO	0.000000	0.000000	0.000000
RES_SOLAR	0.000000	0.000000	0.000000
RES_WIND	0.000000	0.000000	0.000000
URANIUM	0.000000	0.000000	0.000000
WASTE	0.000000	0.000000	0.000000
WET_BIOMASS	0.000000	10.197985	0.000000
WOOD	0.000000	3.932721	0.000000
WOOD_PRODUCTION	0.000000	0.000000	0.000000
