TECHNOLOGIES	 c_inv	 c_maint	 lifetime	  f_min	 f	 f_max	 fmin_perc	f_perc	 fmax_perc	 c_p	 c_p_max	 tau	 gwp_constr
 UNITS	[M€/GW]	 [M€/GW/y]	 [y]	 [GW or GWh]	 [GW or GWh]	 [GW or GWh]	 [0-1]	 [0-1]	 [0-1]	 [0-1]	 [0-1]	 [-]	 [ktCO2-eq./GW or GWh]
NUCLEAR	0.000000	0.000000	60.000000	0.000000	0.000000	0.000000	0.000000	0.000000	1.000000	0.000000	0.849000	0.025393	0.000000
CCGT	0.002695	0.000068	25.000000	0.000000	0.000003	Infinity	0.000000	0.000000	1.000000	0.009617	0.961540	0.048263	0.000642
CCGT_AMMONIA	0.000322	0.000008	25.000000	0.000000	0.000000	Infinity	0.000000	0.000000	1.000000	0.000279	0.630000	0.048263	0.000077
COAL_US	0.000000	0.000000	35.000000	0.000000	0.000000	0.000000	0.000000	0.000000	1.000000	0.000000	0.868000	0.036934	0.000000
COAL_IGCC	0.000000	0.000000	35.000000	0.000000	0.000000	0.000000	0.000000	0.000000	1.000000	0.000000	0.856000	0.036934	0.000000
PV	46143.552219	526.962913	25.000000	0.000000	53.038566	59.200000	0.000000	0.577256	1.000000	0.114887	1.000000	0.048263	110396.061949
WIND_ONSHORE	10399.999999	120.960000	30.000000	0.000000	10.000000	10.000000	0.000000	0.210869	1.000000	0.222592	1.000000	0.041639	6228.500000
WIND_OFFSHORE	29847.778634	207.665990	30.000000	0.000000	6.000000	6.000000	0.000000	0.206920	1.000000	0.364038	1.000000	0.041639	3737.099829
HYDRO_RIVER	580.165798	5.801152	40.000000	0.000000	0.115000	0.115000	0.000000	0.004955	1.000000	0.454780	1.000000	0.033427	145.224300
GEOTHERMAL	0.000000	0.000000	30.000000	0.000000	0.000000	0.000000	0.000000	0.000000	1.000000	0.000000	0.950000	0.041639	0.000000
IND_COGEN_GAS	4096.645986	263.328589	25.000000	0.000000	2.909488	Infinity	0.000000	0.406366	1.000000	0.841262	0.850000	0.048263	2980.246455
IND_COGEN_WOOD	0.000454	0.000017	25.000000	0.000000	0.000000	Infinity	0.000000	0.000000	1.000000	0.001529	0.850000	0.048263	0.000069
IND_COGEN_WASTE	0.000338	0.000012	25.000000	0.000000	0.000000	Infinity	0.000000	0.000000	1.000000	0.000186	0.850000	0.048263	0.000075
IND_BOILER_GAS	479.564889	9.608283	17.000000	0.000000	8.143401	Infinity	0.000000	0.241373	1.000000	0.178531	0.950000	0.067080	100.326701
IND_BOILER_WOOD	0.000309	0.000006	17.000000	0.000000	0.000003	Infinity	0.000000	0.000000	1.000000	0.001430	0.900000	0.067080	0.000077
IND_BOILER_OIL	0.000269	0.000006	17.000000	0.000000	0.000005	Infinity	0.000000	0.000000	1.000000	0.001764	0.950000	0.067080	0.000060
IND_BOILER_COAL	0.000334	0.000007	17.000000	0.000000	0.000003	Infinity	0.000000	0.000000	1.000000	0.002419	0.900000	0.067080	0.000140
IND_BOILER_WASTE	332.300065	6.645962	17.000000	0.000000	2.885050	Infinity	0.000000	0.253516	1.000000	0.529275	0.900000	0.067080	83.291395
IND_DIRECT_ELEC	1473.574710	6.684745	15.000000	0.000000	4.433937	Infinity	0.000000	0.098745	1.000000	0.134139	0.950000	0.074944	6.517888
DHN_HP_ELEC	1937.587303	65.702029	25.000000	0.000000	5.620105	Infinity	0.000000	0.630921	1.000000	0.599873	0.950000	0.048263	982.338104
DHN_COGEN_GAS	3291.282041	96.230070	25.000000	0.000000	2.623602	Infinity	0.000000	0.369078	1.000000	0.751708	0.850000	0.048263	1287.873581
DHN_COGEN_WOOD	0.000277	0.000010	25.000000	0.000000	0.000000	Infinity	0.000000	0.000000	1.000000	0.000484	0.850000	0.048263	0.000042
DHN_COGEN_WASTE	0.000311	0.000011	25.000000	0.000000	0.000000	Infinity	0.000000	0.000000	1.000000	0.000155	0.850000	0.048263	0.000069
DHN_COGEN_WET_BIOMASS	0.000254	0.000021	25.000000	0.000000	0.000000	Infinity	0.000000	0.000000	1.000000	0.000496	0.750000	0.048263	0.000189
DHN_COGEN_BIO_HYDROLYSIS	0.000200	0.000010	15.000000	0.000000	0.000000	Infinity	0.000000	0.000000	1.000000	0.000078	0.850000	0.074944	0.000029
DHN_BOILER_GAS	0.000061	0.000001	17.000000	0.000000	0.000001	Infinity	0.000000	0.000000	1.000000	0.001048	0.950000	0.067080	0.000013
DHN_BOILER_WOOD	0.000104	0.000002	17.000000	0.000000	0.000001	Infinity	0.000000	0.000000	1.000000	0.000619	0.900000	0.067080	0.000026
DHN_BOILER_OIL	0.000051	0.000001	17.000000	0.000000	0.000001	Infinity	0.000000	0.000000	1.000000	0.000599	0.950000	0.067080	0.000011
DHN_DEEP_GEO	0.000000	0.000000	30.000000	0.000000	0.000000	0.000000	0.000000	0.000000	1.000000	0.000000	0.850000	0.041639	0.000000
DHN_SOLAR	0.000232	0.000000	30.000000	0.000000	0.000001	Infinity	0.000000	0.000000	1.000000	0.000346	1.000000	0.041639	0.000142
DEC_HP_ELEC	9603.244734	400.404676	18.000000	0.000000	19.517203	Infinity	0.000000	0.999999	1.000000	0.449821	1.000000	0.063806	3218.191660
DEC_THHP_GAS	0.007285	0.000213	20.000000	0.000000	0.000023	Infinity	0.000000	0.000001	1.000000	0.101403	1.000000	0.058246	0.008814
DEC_COGEN_GAS	0.000782	0.000050	20.000000	0.000000	0.000001	Infinity	0.000000	0.000000	1.000000	0.001887	1.000000	0.058246	0.000569
DEC_COGEN_OIL	0.000584	0.000036	20.000000	0.000000	0.000000	Infinity	0.000000	0.000000	1.000000	0.001301	1.000000	0.058246	0.000458
DEC_ADVCOGEN_GAS	0.000937	0.000017	20.000000	0.000000	0.000000	Infinity	0.000000	0.000000	1.000000	0.000505	1.000000	0.058246	0.000284
DEC_ADVCOGEN_H2	0.000991	0.000018	20.000000	0.000000	0.000000	Infinity	0.000000	0.000000	1.000000	0.000448	1.000000	0.058246	0.000300
DEC_BOILER_GAS	0.000488	0.000015	17.000000	0.000000	0.000003	Infinity	0.000000	0.000000	1.000000	0.001406	1.000000	0.067080	0.000065
DEC_BOILER_WOOD	0.000511	0.000018	17.000000	0.000000	0.000001	Infinity	0.000000	0.000000	1.000000	0.000965	1.000000	0.067080	0.000023
DEC_BOILER_OIL	0.000347	0.000021	17.000000	0.000000	0.000002	Infinity	0.000000	0.000000	1.000000	0.001059	1.000000	0.067080	0.000051
DEC_SOLAR	0.003716	0.000041	20.000000	0.000000	0.000005	Infinity	0.000000	0.000000	1.000000	0.002563	1.000000	0.058246	0.001143
DEC_DIRECT_ELEC	0.000411	0.000002	15.000000	0.000000	0.000010	Infinity	0.000000	0.000000	1.000000	0.000448	1.000000	0.074944	0.000015
TRAMWAY_TROLLEY	4725.034449	94.500689	30.000000	0.000000	7.560055	Infinity	0.000000	0.300000	0.300000	0.342470	0.342470	0.041639	0.000000
BUS_COACH_DIESEL	0.000102	0.000005	15.000000	0.000000	0.000000	Infinity	0.000000	0.000000	1.000000	0.000493	0.296800	0.074944	0.000000
BUS_COACH_HYDIESEL	0.000091	0.000004	15.000000	0.000000	0.000000	Infinity	0.000000	0.000000	1.000000	0.000320	0.296800	0.074944	0.000000
BUS_COACH_CNG_STOICH	3553.949516	177.697799	15.000000	0.000000	5.815564	Infinity	0.000000	0.200000	1.000000	0.296800	0.296800	0.074944	0.000000
BUS_COACH_FC_HYBRIDH2	0.000271	0.000010	15.000000	0.000000	0.000000	Infinity	0.000000	0.000000	1.000000	0.000991	0.296800	0.074944	0.000000
BUS_COACH_ELECTRIC	0.004133	0.000181	15.000000	0.000000	0.000006	Infinity	0.000000	0.000000	1.000000	0.017161	0.296800	0.074944	0.000000
TRAIN_PUB	23625.649495	852.657339	40.000000	0.000000	15.687474	Infinity	0.000000	0.500000	0.500000	0.275070	0.275070	0.033427	0.000000
CAR_GASOLINE	21014.500019	1200.000001	10.000000	50.000000	50.000000	Infinity	0.000000	0.297614	1.000000	0.051370	0.051370	0.108434	0.000000
CAR_DIESEL	0.000033	0.000002	10.000000	0.000000	0.000000	Infinity	0.000000	0.000000	1.000000	0.000039	0.051370	0.108434	0.000000
CAR_NG	0.000047	0.000003	10.000000	0.000000	0.000000	Infinity	0.000000	0.000000	1.000000	0.000056	0.051370	0.108434	0.000000
CAR_METHANOL	0.000042	0.000002	10.000000	0.000000	0.000000	Infinity	0.000000	0.000000	1.000000	0.000050	0.051370	0.108434	0.000000
CAR_HEV	0.000031	0.000002	10.000000	0.000000	0.000000	Infinity	0.000000	0.000000	1.000000	0.000037	0.051370	0.108434	0.000000
CAR_PHEV	0.013974	0.001041	10.000000	0.000000	0.000031	Infinity	0.000000	0.000000	1.000000	0.008951	0.051370	0.108434	0.000000
CAR_BEV	51193.173033	1180.028422	10.000000	0.000000	118.002842	Infinity	0.000000	0.702386	1.000000	0.051370	0.051370	0.108434	0.000000
CAR_FUEL_CELL	0.000010	0.000000	10.000000	0.000000	0.000000	Infinity	0.000000	0.000000	1.000000	0.000000	0.051370	0.108434	0.000000
TRAIN_FREIGHT	737.033460	14.740046	40.000000	0.000000	7.058355	Infinity	0.000000	1.000000	1.000000	0.342470	0.342470	0.033427	0.000000
BOAT_FREIGHT_DIESEL	0.000244	0.000012	40.000000	0.000000	0.000003	Infinity	0.000000	0.000000	1.000000	0.003636	0.114160	0.033427	0.000000
BOAT_FREIGHT_NG	0.000049	0.000002	40.000000	0.000000	0.000001	Infinity	0.000000	0.000000	1.000000	0.000723	0.114160	0.033427	0.000000
BOAT_FREIGHT_METHANOL	1941.018968	97.049537	40.000000	0.000000	25.409333	Infinity	0.000000	1.000000	1.000000	0.114160	0.114160	0.033427	0.000000
TRUCK_DIESEL	12617.740005	630.888889	15.000000	34.000000	34.000000	Infinity	0.000000	0.723510	1.000000	0.092590	0.092590	0.074944	0.000000
TRUCK_METHANOL	0.000015	0.000001	15.000000	0.000000	0.000000	Infinity	0.000000	0.000000	1.000000	0.000037	0.092590	0.074944	0.000000
TRUCK_FUEL_CELL	0.008451	0.000208	15.000000	0.000000	0.000017	Infinity	0.000000	0.000000	1.000000	0.015937	0.092590	0.074944	0.000000
TRUCK_ELEC	5638.237758	300.574350	15.000000	0.000000	12.993128	Infinity	0.000000	0.276490	1.000000	0.092590	0.092590	0.074944	0.000000
TRUCK_NG	0.000014	0.000001	15.000000	0.000000	0.000000	Infinity	0.000000	0.000000	1.000000	0.000034	0.092590	0.074944	0.000000
HABER_BOSCH	0.001650	0.000032	20.000000	0.000000	0.000002	Infinity	0.000000	1.000000	1.000000	0.008219	1.000000	0.058246	0.000000
SYN_METHANOLATION	0.000348	0.000010	20.000000	0.000000	0.000000	Infinity	0.000000	0.169491	1.000000	0.000482	0.950000	0.058246	0.000000
METHANE_TO_METHANOL	0.000761	0.000033	25.000000	0.000000	0.000001	Infinity	0.000000	0.729198	1.000000	0.002073	0.850000	0.048263	0.000000
BIOMASS_TO_METHANOL	0.000417	0.000006	20.000000	0.000000	0.000000	Infinity	0.000000	0.101311	1.000000	0.000288	1.000000	0.058246	0.000000
OIL_TO_HVC	0.000562	0.000003	20.000000	0.000000	0.000001	Infinity	0.000000	0.000000	1.000000	0.001668	1.000000	0.058246	0.000000
GAS_TO_HVC	217.265516	5.431632	20.000000	0.000000	0.272399	Infinity	0.000000	0.005952	1.000000	0.103206	1.000000	0.058246	0.000000
METHANOL_TO_HVC	2932.193452	263.897411	20.000000	0.000000	4.205670	Infinity	0.000000	0.889757	1.000000	0.999285	1.000000	0.058246	0.000000
ADLIBIO_TO_HVC	471.637767	10.250744	20.000000	0.000000	0.517714	Infinity	0.000000	0.104291	1.000000	0.951504	1.000000	0.058246	491.673312
PHS	294.000624	0.000000	50.000000	5.000000	5.000011	6.500000	0.000000	-1.000000	1.000000	0.021776	1.000000	0.028572	
BATT_LI	0.003645	0.000006	15.000000	0.000000	0.000012	Infinity	0.000000	-1.000000	1.000000	0.003301	1.000000	0.074944	
BEV_BATT	0.000000	0.000000	1.000000	0.000000	117.066312	Infinity	0.000000	-1.000000	1.000000	0.004482	1.000000	1.015000	
PHEV_BATT	0.000000	0.000000	1.000000	0.000000	0.000006	Infinity	0.000000	-1.000000	1.000000	0.000435	1.000000	1.015000	
TS_DEC_DIRECT_ELEC	0.001231	0.000009	20.000000	0.000000	0.000065	Infinity	0.000000	-1.000000	1.000000	0.000511	1.000000	0.058246	
TS_DEC_HP_ELEC	1234.185213	8.640123	20.000000	0.000000	65.059843	Infinity	0.000000	-1.000000	1.000000	0.032189	1.000000	0.058246	
TS_DEC_THHP_GAS	0.001458	0.000010	20.000000	0.000000	0.000077	Infinity	0.000000	-1.000000	1.000000	0.022195	1.000000	0.058246	
TS_DEC_COGEN_GAS	0.001226	0.000009	20.000000	0.000000	0.000065	Infinity	0.000000	-1.000000	1.000000	0.000545	1.000000	0.058246	
TS_DEC_COGEN_OIL	0.001229	0.000009	20.000000	0.000000	0.000065	Infinity	0.000000	-1.000000	1.000000	0.000484	1.000000	0.058246	
TS_DEC_ADVCOGEN_GAS	0.001228	0.000009	20.000000	0.000000	0.000065	Infinity	0.000000	-1.000000	1.000000	0.000402	1.000000	0.058246	
TS_DEC_ADVCOGEN_H2	0.001220	0.000009	20.000000	0.000000	0.000064	Infinity	0.000000	-1.000000	1.000000	0.000274	1.000000	0.058246	
TS_DEC_BOILER_GAS	0.001225	0.000009	20.000000	0.000000	0.000065	Infinity	0.000000	-1.000000	1.000000	0.000906	1.000000	0.058246	
TS_DEC_BOILER_WOOD	0.001228	0.000009	20.000000	0.000000	0.000065	Infinity	0.000000	-1.000000	1.000000	0.000499	1.000000	0.058246	
TS_DEC_BOILER_OIL	0.001226	0.000009	20.000000	0.000000	0.000065	Infinity	0.000000	-1.000000	1.000000	0.000505	1.000000	0.058246	
TS_DHN_DAILY	0.002673	0.000008	40.000000	0.000000	0.000891	Infinity	0.000000	-1.000000	1.000000	0.000938	1.000000	0.033427	
TS_DHN_SEASONAL	356.899256	1.955235	25.000000	0.000000	660.924548	Infinity	0.000000	-1.000000	1.000000	0.001533	1.000000	0.048263	
TS_HIGH_TEMP	1248.216793	13.359438	25.000000	0.000000	44.531459	Infinity	0.000000	-1.000000	1.000000	0.019411	1.000000	0.048263	
GAS_STORAGE	20.135768	0.527220	50.000000	0.000000	402.715356	Infinity	0.000000	-1.000000	1.000000	0.000257	1.000000	0.028572	
H2_STORAGE	16.984167	1.070085	20.000000	0.000000	2.743807	Infinity	0.000000	-1.000000	1.000000	0.006617	1.000000	0.058246	
DIESEL_STORAGE	0.007273	0.000289	20.000000	0.000000	0.727254	Infinity	0.000000	-1.000000	1.000000	0.000025	1.000000	0.058246	
GASOLINE_STORAGE	7.328393	0.290937	20.000000	0.000000	732.839300	Infinity	0.000000	-1.000000	1.000000	0.000634	1.000000	0.058246	
LFO_STORAGE	0.008193	0.000325	20.000000	0.000000	0.819325	Infinity	0.000000	-1.000000	1.000000	0.000000	1.000000	0.058246	
AMMONIA_STORAGE	0.000019	0.000001	20.000000	0.000000	0.001866	Infinity	0.000000	-1.000000	1.000000	0.000018	1.000000	0.058246	
METHANOL_STORAGE	0.000001	0.000000	20.000000	0.000000	0.000066	Infinity	0.000000	-1.000000	1.000000	0.000038	1.000000	0.058246	
CO2_STORAGE	0.021215	0.000212	30.000000	0.000000	0.000429	Infinity	0.000000	-1.000000	1.000000	0.000011	1.000000	0.041639	
ADLIBIO_TO_FUEL	1011.490996	18.469450	20.000000	0.000000	1.442926	Infinity	0.000000	-1.000000	1.000000	0.884336	1.000000	0.058246	
AMMONIA_TO_H2	0.000178	0.000016	25.000000	0.000000	0.000000	Infinity	0.000000	-1.000000	1.000000	0.000246	0.860000	0.048263	
ATM_CCS	0.000475	0.000012	40.000000	0.000000	0.000000	Infinity	0.000000	-1.000000	1.000000	0.000161	1.000000	0.033427	
BIO_HYDROLYSIS	4143.603450	282.513554	15.000000	0.000000	2.602913	Infinity	0.000000	-1.000000	1.000000	0.721648	0.850000	0.074944	
BIOMETHANATION	0.005191	0.000072	20.000000	0.000000	0.000005	Infinity	0.000000	-1.000000	1.000000	0.024230	0.850000	0.058246	
DHN	6808.316039	0.000000	60.000000	0.000000	8.243711	Infinity	0.000000	-1.000000	1.000000	0.000000	1.000000	0.025393	
EFFICIENCY	5517.241379	0.000000	1.000000	0.000000	0.985222	Infinity	0.000000	-1.000000	1.000000	0.000000	1.000000	1.015000	
GASIFICATION_SNG	0.000286	0.000020	25.000000	0.000000	0.000000	Infinity	0.000000	-1.000000	1.000000	0.000489	0.850000	0.048263	
GRID	100311.444389	0.000000	80.000000	0.000000	1.338931	Infinity	0.000000	-1.000000	1.000000	0.000000	1.000000	0.021548	
H2_BIOMASS	2584.602061	182.082188	25.000000	0.000000	1.023447	Infinity	0.000000	-1.000000	1.000000	0.860000	0.860000	0.048263	
H2_ELECTROLYSIS	0.001198	0.000033	15.000000	0.000000	0.000002	Infinity	0.000000	-1.000000	1.000000	0.003185	0.900000	0.074944	
INDUSTRY_CCS	0.000416	0.000010	40.000000	0.000000	0.000000	Infinity	0.000000	-1.000000	1.000000	0.000126	1.000000	0.033427	
REDIFUEL	0.000334	0.000009	20.000000	0.000000	0.000000	Infinity	0.000000	-1.000000	1.000000	0.000110	1.000000	0.058246	
SMR	0.000420	0.000039	25.000000	0.000000	0.000001	Infinity	0.000000	-1.000000	1.000000	0.002559	0.860000	0.048263	
SYN_METHANATION	0.000088	0.000023	40.000000	0.000000	0.000000	Infinity	0.000000	-1.000000	1.000000	0.000779	1.000000	0.033427	