TECHNOLOGIES	 c_inv	 c_maint	 lifetime	  f_min	 f	 f_max	 fmin_perc	f_perc	 fmax_perc	 c_p	 c_p_max	 tau	 gwp_constr
 UNITS	[M€/GW]	 [M€/GW/y]	 [y]	 [GW or GWh]	 [GW or GWh]	 [GW or GWh]	 [0-1]	 [0-1]	 [0-1]	 [0-1]	 [0-1]	 [-]	 [ktCO2-eq./GW or GWh]
NUCLEAR	0.000000	0.000000	60.000000	0.000000	0.000000	0.000000	0.000000	0.000000	1.000000	0.000000	0.849000	0.025393	0.000000
CCGT	0.002792	0.000071	25.000000	0.000000	0.000004	Infinity	0.000000	0.000000	1.000000	0.009041	0.961540	0.048263	0.000665
CCGT_AMMONIA	0.000383	0.000010	25.000000	0.000000	0.000000	Infinity	0.000000	0.000000	1.000000	0.000389	0.630000	0.048263	0.000091
COAL_US	0.000000	0.000000	35.000000	0.000000	0.000000	0.000000	0.000000	0.000000	1.000000	0.000000	0.868000	0.036934	0.000000
COAL_IGCC	0.000000	0.000000	35.000000	0.000000	0.000000	0.000000	0.000000	0.000000	1.000000	0.000000	0.856000	0.036934	0.000000
PV	45074.062796	514.749261	25.000000	0.000000	51.809268	59.200000	0.000000	0.571625	1.000000	0.115113	1.000000	0.048263	107837.363821
WIND_ONSHORE	10399.999999	120.960000	30.000000	0.000000	10.000000	10.000000	0.000000	0.213403	1.000000	0.222649	1.000000	0.041639	6228.500000
WIND_OFFSHORE	29847.779623	207.665997	30.000000	0.000000	6.000000	6.000000	0.000000	0.209964	1.000000	0.365101	1.000000	0.041639	3737.099953
HYDRO_RIVER	580.165799	5.801152	40.000000	0.000000	0.115000	0.115000	0.000000	0.005008	1.000000	0.454385	1.000000	0.033427	145.224300
GEOTHERMAL	0.000000	0.000000	30.000000	0.000000	0.000000	0.000000	0.000000	0.000000	1.000000	0.000000	0.950000	0.041639	0.000000
IND_COGEN_GAS	3551.544234	228.289956	25.000000	0.000000	2.522350	Infinity	0.000000	0.406043	1.000000	0.850000	0.850000	0.048263	2583.693380
IND_COGEN_WOOD	0.000518	0.000019	25.000000	0.000000	0.000000	Infinity	0.000000	0.000000	1.000000	0.001667	0.850000	0.048263	0.000079
IND_COGEN_WASTE	0.000326	0.000012	25.000000	0.000000	0.000000	Infinity	0.000000	0.000000	1.000000	0.000133	0.850000	0.048263	0.000072
IND_BOILER_GAS	417.363365	8.362049	17.000000	0.000000	7.087169	Infinity	0.000000	0.240180	1.000000	0.178944	0.950000	0.067080	87.313918
IND_BOILER_WOOD	0.000328	0.000007	17.000000	0.000000	0.000003	Infinity	0.000000	0.000000	1.000000	0.001347	0.900000	0.067080	0.000082
IND_BOILER_OIL	0.000276	0.000006	17.000000	0.000000	0.000005	Infinity	0.000000	0.000000	1.000000	0.001752	0.950000	0.067080	0.000062
IND_BOILER_COAL	0.000354	0.000007	17.000000	0.000000	0.000003	Infinity	0.000000	0.000000	1.000000	0.002827	0.900000	0.067080	0.000148
IND_BOILER_WASTE	287.500887	5.749984	17.000000	0.000000	2.496101	Infinity	0.000000	0.249849	1.000000	0.528528	0.900000	0.067080	72.062429
IND_DIRECT_ELEC	1387.627696	6.294854	15.000000	0.000000	4.175326	Infinity	0.000000	0.103927	1.000000	0.131429	0.950000	0.074944	6.137729
DHN_HP_ELEC	1836.728942	62.282003	25.000000	0.000000	5.327558	Infinity	0.000000	0.584209	1.000000	0.585922	0.950000	0.048263	931.203886
DHN_COGEN_GAS	3656.380457	106.904769	25.000000	0.000000	2.914635	Infinity	0.000000	0.415791	1.000000	0.762239	0.850000	0.048263	1430.736027
DHN_COGEN_WOOD	0.000287	0.000011	25.000000	0.000000	0.000000	Infinity	0.000000	0.000000	1.000000	0.000491	0.850000	0.048263	0.000044
DHN_COGEN_WASTE	0.000284	0.000010	25.000000	0.000000	0.000000	Infinity	0.000000	0.000000	1.000000	0.000109	0.850000	0.048263	0.000063
DHN_COGEN_WET_BIOMASS	0.000263	0.000021	25.000000	0.000000	0.000000	Infinity	0.000000	0.000000	1.000000	0.000428	0.750000	0.048263	0.000196
DHN_COGEN_BIO_HYDROLYSIS	0.000212	0.000010	15.000000	0.000000	0.000000	Infinity	0.000000	0.000000	1.000000	0.000052	0.850000	0.074944	0.000030
DHN_BOILER_GAS	0.000062	0.000001	17.000000	0.000000	0.000001	Infinity	0.000000	0.000000	1.000000	0.000902	0.950000	0.067080	0.000013
DHN_BOILER_WOOD	0.000104	0.000002	17.000000	0.000000	0.000001	Infinity	0.000000	0.000000	1.000000	0.000588	0.900000	0.067080	0.000026
DHN_BOILER_OIL	0.000055	0.000001	17.000000	0.000000	0.000001	Infinity	0.000000	0.000000	1.000000	0.000550	0.950000	0.067080	0.000012
DHN_DEEP_GEO	0.000000	0.000000	30.000000	0.000000	0.000000	0.000000	0.000000	0.000000	1.000000	0.000000	0.850000	0.041639	0.000000
DHN_SOLAR	0.000176	0.000000	30.000000	0.000000	0.000000	Infinity	0.000000	0.000000	1.000000	0.000258	1.000000	0.041639	0.000107
DEC_HP_ELEC	9617.247557	400.988520	18.000000	0.000000	19.545662	Infinity	0.000000	0.999999	1.000000	0.449860	1.000000	0.063806	3222.884216
DEC_THHP_GAS	0.007839	0.000229	20.000000	0.000000	0.000025	Infinity	0.000000	0.000001	1.000000	0.108197	1.000000	0.058246	0.009484
DEC_COGEN_GAS	0.000740	0.000048	20.000000	0.000000	0.000001	Infinity	0.000000	0.000000	1.000000	0.001608	1.000000	0.058246	0.000538
DEC_COGEN_OIL	0.000581	0.000036	20.000000	0.000000	0.000000	Infinity	0.000000	0.000000	1.000000	0.001290	1.000000	0.058246	0.000456
DEC_ADVCOGEN_GAS	0.000942	0.000018	20.000000	0.000000	0.000000	Infinity	0.000000	0.000000	1.000000	0.000445	1.000000	0.058246	0.000285
DEC_ADVCOGEN_H2	0.001146	0.000021	20.000000	0.000000	0.000000	Infinity	0.000000	0.000000	1.000000	0.000589	1.000000	0.058246	0.000347
DEC_BOILER_GAS	0.000469	0.000014	17.000000	0.000000	0.000003	Infinity	0.000000	0.000000	1.000000	0.001016	1.000000	0.067080	0.000062
DEC_BOILER_WOOD	0.000526	0.000018	17.000000	0.000000	0.000001	Infinity	0.000000	0.000000	1.000000	0.000853	1.000000	0.067080	0.000024
DEC_BOILER_OIL	0.000362	0.000022	17.000000	0.000000	0.000003	Infinity	0.000000	0.000000	1.000000	0.000882	1.000000	0.067080	0.000054
DEC_SOLAR	0.002889	0.000032	20.000000	0.000000	0.000004	Infinity	0.000000	0.000000	1.000000	0.001981	1.000000	0.058246	0.000889
DEC_DIRECT_ELEC	0.000458	0.000002	15.000000	0.000000	0.000011	Infinity	0.000000	0.000000	1.000000	0.000328	1.000000	0.074944	0.000017
TRAMWAY_TROLLEY	4725.034448	94.500689	30.000000	0.000000	7.560055	Infinity	0.000000	0.300000	0.300000	0.342470	0.342470	0.041639	0.000000
BUS_COACH_DIESEL	0.000103	0.000005	15.000000	0.000000	0.000000	Infinity	0.000000	0.000000	1.000000	0.000497	0.296800	0.074944	0.000000
BUS_COACH_HYDIESEL	0.000166	0.000007	15.000000	0.000000	0.000000	Infinity	0.000000	0.000000	1.000000	0.000589	0.296800	0.074944	0.000000
BUS_COACH_CNG_STOICH	3553.940633	177.697355	15.000000	0.000000	5.815550	Infinity	0.000000	0.199999	1.000000	0.296800	0.296800	0.074944	0.000000
BUS_COACH_FC_HYBRIDH2	0.000296	0.000011	15.000000	0.000000	0.000000	Infinity	0.000000	0.000000	1.000000	0.001086	0.296800	0.074944	0.000000
BUS_COACH_ELECTRIC	0.014481	0.000633	15.000000	0.000000	0.000020	Infinity	0.000000	0.000001	1.000000	0.060145	0.296800	0.074944	0.000000
TRAIN_PUB	23625.649380	852.657334	40.000000	0.000000	15.687474	Infinity	0.000000	0.500000	0.500000	0.275070	0.275070	0.033427	0.000000
CAR_GASOLINE	21014.500002	1200.000000	10.000000	50.000000	50.000000	Infinity	0.000000	0.297614	1.000000	0.051370	0.051370	0.108434	0.000000
CAR_DIESEL	0.000035	0.000002	10.000000	0.000000	0.000000	Infinity	0.000000	0.000000	1.000000	0.000041	0.051370	0.108434	0.000000
CAR_NG	0.000053	0.000003	10.000000	0.000000	0.000000	Infinity	0.000000	0.000000	1.000000	0.000063	0.051370	0.108434	0.000000
CAR_METHANOL	0.000043	0.000002	10.000000	0.000000	0.000000	Infinity	0.000000	0.000000	1.000000	0.000051	0.051370	0.108434	0.000000
CAR_HEV	0.000028	0.000002	10.000000	0.000000	0.000000	Infinity	0.000000	0.000000	1.000000	0.000032	0.051370	0.108434	0.000000
CAR_PHEV	0.015977	0.001190	10.000000	0.000000	0.000035	Infinity	0.000000	0.000000	1.000000	0.010281	0.051370	0.108434	0.000000
CAR_BEV	51193.172089	1180.028400	10.000000	0.000000	118.002840	Infinity	0.000000	0.702386	1.000000	0.051370	0.051370	0.108434	0.000000
CAR_FUEL_CELL	0.000009	0.000000	10.000000	0.000000	0.000000	Infinity	0.000000	0.000000	1.000000	0.000000	0.051370	0.108434	0.000000
TRAIN_FREIGHT	737.033460	14.740046	40.000000	0.000000	7.058355	Infinity	0.000000	1.000000	1.000000	0.342470	0.342470	0.033427	0.000000
BOAT_FREIGHT_DIESEL	0.000177	0.000009	40.000000	0.000000	0.000002	Infinity	0.000000	0.000000	1.000000	0.002634	0.114160	0.033427	0.000000
BOAT_FREIGHT_NG	0.000040	0.000002	40.000000	0.000000	0.000001	Infinity	0.000000	0.000000	1.000000	0.000592	0.114160	0.033427	0.000000
BOAT_FREIGHT_METHANOL	1941.019044	97.049541	40.000000	0.000000	25.409334	Infinity	0.000000	1.000000	1.000000	0.114160	0.114160	0.033427	0.000000
TRUCK_DIESEL	12617.740008	630.888889	15.000000	34.000000	34.000000	Infinity	0.000000	0.723510	1.000000	0.092590	0.092590	0.074944	0.000000
TRUCK_METHANOL	0.000031	0.000002	15.000000	0.000000	0.000000	Infinity	0.000000	0.000000	1.000000	0.000075	0.092590	0.074944	0.000000
TRUCK_FUEL_CELL	0.031925	0.000785	15.000000	0.000000	0.000065	Infinity	0.000000	0.000001	1.000000	0.060212	0.092590	0.074944	0.000000
TRUCK_ELEC	5638.214887	300.573131	15.000000	0.000000	12.993075	Infinity	0.000000	0.276489	1.000000	0.092590	0.092590	0.074944	0.000000
TRUCK_NG	0.000016	0.000001	15.000000	0.000000	0.000000	Infinity	0.000000	0.000000	1.000000	0.000037	0.092590	0.074944	0.000000
HABER_BOSCH	0.001667	0.000033	20.000000	0.000000	0.000002	Infinity	0.000000	1.000000	1.000000	0.009078	1.000000	0.058246	0.000000
SYN_METHANOLATION	0.000375	0.000011	20.000000	0.000000	0.000000	Infinity	0.000000	0.143043	1.000000	0.000370	0.950000	0.058246	0.000000
METHANE_TO_METHANOL	0.000774	0.000034	25.000000	0.000000	0.000001	Infinity	0.000000	0.769592	1.000000	0.001990	0.850000	0.048263	0.000000
BIOMASS_TO_METHANOL	0.000434	0.000007	20.000000	0.000000	0.000000	Infinity	0.000000	0.087365	1.000000	0.000226	1.000000	0.058246	0.000000
OIL_TO_HVC	0.001181	0.000006	20.000000	0.000000	0.000003	Infinity	0.000000	0.000000	1.000000	0.003685	1.000000	0.058246	0.000000
GAS_TO_HVC	534.350063	13.358737	20.000000	0.000000	0.669947	Infinity	0.000000	0.014882	1.000000	0.104927	1.000000	0.058246	0.000000
METHANOL_TO_HVC	2408.780780	216.790270	20.000000	0.000000	3.454935	Infinity	0.000000	0.717562	1.000000	0.981009	1.000000	0.058246	0.000000
ADLIBIO_TO_HVC	1249.409405	27.155111	20.000000	0.000000	1.371470	Infinity	0.000000	0.267555	1.000000	0.921468	1.000000	0.058246	1302.485304
PHS	294.000004	0.000000	50.000000	5.000000	5.000000	6.500000	0.000000	-1.000000	1.000000	0.021156	1.000000	0.028572	
BATT_LI	0.005967	0.000009	15.000000	0.000000	0.000020	Infinity	0.000000	-1.000000	1.000000	0.005266	1.000000	0.074944	
BEV_BATT	0.000000	0.000000	1.000000	0.000000	117.066310	Infinity	0.000000	-1.000000	1.000000	0.004455	1.000000	1.015000	
PHEV_BATT	0.000000	0.000000	1.000000	0.000000	0.000007	Infinity	0.000000	-1.000000	1.000000	0.000501	1.000000	1.015000	
TS_DEC_DIRECT_ELEC	0.001319	0.000009	20.000000	0.000000	0.000070	Infinity	0.000000	-1.000000	1.000000	0.000399	1.000000	0.058246	
TS_DEC_HP_ELEC	1285.615602	9.000170	20.000000	0.000000	67.770986	Infinity	0.000000	-1.000000	1.000000	0.032091	1.000000	0.058246	
TS_DEC_THHP_GAS	0.001578	0.000011	20.000000	0.000000	0.000083	Infinity	0.000000	-1.000000	1.000000	0.024562	1.000000	0.058246	
TS_DEC_COGEN_GAS	0.001316	0.000009	20.000000	0.000000	0.000069	Infinity	0.000000	-1.000000	1.000000	0.000484	1.000000	0.058246	
TS_DEC_COGEN_OIL	0.001316	0.000009	20.000000	0.000000	0.000069	Infinity	0.000000	-1.000000	1.000000	0.000422	1.000000	0.058246	
TS_DEC_ADVCOGEN_GAS	0.001318	0.000009	20.000000	0.000000	0.000069	Infinity	0.000000	-1.000000	1.000000	0.000358	1.000000	0.058246	
TS_DEC_ADVCOGEN_H2	0.001318	0.000009	20.000000	0.000000	0.000069	Infinity	0.000000	-1.000000	1.000000	0.000361	1.000000	0.058246	
TS_DEC_BOILER_GAS	0.001315	0.000009	20.000000	0.000000	0.000069	Infinity	0.000000	-1.000000	1.000000	0.000705	1.000000	0.058246	
TS_DEC_BOILER_WOOD	0.001315	0.000009	20.000000	0.000000	0.000069	Infinity	0.000000	-1.000000	1.000000	0.000391	1.000000	0.058246	
TS_DEC_BOILER_OIL	0.001315	0.000009	20.000000	0.000000	0.000069	Infinity	0.000000	-1.000000	1.000000	0.000400	1.000000	0.058246	
TS_DHN_DAILY	0.003467	0.000010	40.000000	0.000000	0.001156	Infinity	0.000000	-1.000000	1.000000	0.000954	1.000000	0.033427	
TS_DHN_SEASONAL	346.460162	1.898045	25.000000	0.000000	641.592893	Infinity	0.000000	-1.000000	1.000000	0.001482	1.000000	0.048263	
TS_HIGH_TEMP	1130.976457	12.104636	25.000000	0.000000	40.348785	Infinity	0.000000	-1.000000	1.000000	0.019371	1.000000	0.048263	
GAS_STORAGE	20.873353	0.546533	50.000000	0.000000	417.467062	Infinity	0.000000	-1.000000	1.000000	0.000259	1.000000	0.028572	
H2_STORAGE	0.283280	0.017848	20.000000	0.000000	0.045764	Infinity	0.000000	-1.000000	1.000000	0.008424	1.000000	0.058246	
DIESEL_STORAGE	0.022398	0.000889	20.000000	0.000000	2.239769	Infinity	0.000000	-1.000000	1.000000	0.000011	1.000000	0.058246	
GASOLINE_STORAGE	0.019376	0.000769	20.000000	0.000000	1.937590	Infinity	0.000000	-1.000000	1.000000	0.000312	1.000000	0.058246	
LFO_STORAGE	0.023185	0.000920	20.000000	0.000000	2.318542	Infinity	0.000000	-1.000000	1.000000	0.000000	1.000000	0.058246	
AMMONIA_STORAGE	0.000015	0.000001	20.000000	0.000000	0.001456	Infinity	0.000000	-1.000000	1.000000	0.000037	1.000000	0.058246	
METHANOL_STORAGE	0.000001	0.000000	20.000000	0.000000	0.000051	Infinity	0.000000	-1.000000	1.000000	0.000009	1.000000	0.058246	
CO2_STORAGE	0.024923	0.000249	30.000000	0.000000	0.000503	Infinity	0.000000	-1.000000	1.000000	0.000013	1.000000	0.041639	
ADLIBIO_TO_FUEL	0.000535	0.000010	20.000000	0.000000	0.000001	Infinity	0.000000	-1.000000	1.000000	0.001566	1.000000	0.058246	
AMMONIA_TO_H2	0.000187	0.000017	25.000000	0.000000	0.000000	Infinity	0.000000	-1.000000	1.000000	0.000259	0.860000	0.048263	
ATM_CCS	0.000457	0.000011	40.000000	0.000000	0.000000	Infinity	0.000000	-1.000000	1.000000	0.000134	1.000000	0.033427	
BIO_HYDROLYSIS	4161.529649	283.735774	15.000000	0.000000	2.614174	Infinity	0.000000	-1.000000	1.000000	0.718539	0.850000	0.074944	
BIOMETHANATION	0.004751	0.000066	20.000000	0.000000	0.000005	Infinity	0.000000	-1.000000	1.000000	0.022208	0.850000	0.058246	
DHN	6807.066296	0.000000	60.000000	0.000000	8.242198	Infinity	0.000000	-1.000000	1.000000	0.000000	1.000000	0.025393	
EFFICIENCY	5517.241379	0.000000	1.000000	0.000000	0.985222	Infinity	0.000000	-1.000000	1.000000	0.000000	1.000000	1.015000	
GASIFICATION_SNG	0.000287	0.000020	25.000000	0.000000	0.000000	Infinity	0.000000	-1.000000	1.000000	0.000423	0.850000	0.048263	
GRID	99859.308588	0.000000	80.000000	0.000000	1.332896	Infinity	0.000000	-1.000000	1.000000	0.000000	1.000000	0.021548	
H2_BIOMASS	2419.859773	170.476287	25.000000	0.000000	0.958212	Infinity	0.000000	-1.000000	1.000000	0.860000	0.860000	0.048263	
H2_ELECTROLYSIS	0.002642	0.000073	15.000000	0.000000	0.000004	Infinity	0.000000	-1.000000	1.000000	0.006649	0.900000	0.074944	
INDUSTRY_CCS	0.000437	0.000011	40.000000	0.000000	0.000000	Infinity	0.000000	-1.000000	1.000000	0.000100	1.000000	0.033427	
REDIFUEL	0.000345	0.000009	20.000000	0.000000	0.000000	Infinity	0.000000	-1.000000	1.000000	0.000081	1.000000	0.058246	
SMR	0.000530	0.000049	25.000000	0.000000	0.000001	Infinity	0.000000	-1.000000	1.000000	0.002711	0.860000	0.048263	
SYN_METHANATION	0.000095	0.000024	40.000000	0.000000	0.000000	Infinity	0.000000	-1.000000	1.000000	0.000664	1.000000	0.033427	