Name	LCA_tech	LCA_res	LCA_op
NUCLEAR	0.000000	0.000000	0.000000
CCGT	0.000018	0.000000	0.002887
CCGT_AMMONIA	0.000003	0.000000	0.000001
COAL_US	0.000000	0.000000	0.000000
COAL_IGCC	0.000000	0.000000	0.000000
PV	1150.882825	0.000000	0.000000
WIND_ONSHORE	133.608580	0.000000	2.127366
WIND_OFFSHORE	118.263259	0.000000	3.026009
HYDRO_RIVER	3.051277	0.000000	0.009490
GEOTHERMAL	0.000000	0.000000	0.000000
IND_COGEN_GAS	34.636339	0.000000	7453.742008
IND_COGEN_WOOD	0.000003	0.000000	0.000864
IND_COGEN_WASTE	0.000003	0.000000	0.000161
IND_BOILER_GAS	3.683328	0.000000	2255.362320
IND_BOILER_WOOD	0.000010	0.000000	0.000513
IND_BOILER_OIL	0.000003	0.000000	0.000432
IND_BOILER_COAL	0.000015	0.000000	0.001006
IND_BOILER_WASTE	9.632046	0.000000	3876.753367
IND_DIRECT_ELEC	0.282570	0.000000	0.000000
DHN_HP_ELEC	26.209495	0.000000	362.121910
DHN_COGEN_GAS	18.588665	0.000000	7723.696920
DHN_COGEN_WOOD	0.000001	0.000000	0.000280
DHN_COGEN_WASTE	0.000003	0.000000	0.000131
DHN_COGEN_WET_BIOMASS	0.000031	0.000000	0.000835
DHN_COGEN_BIO_HYDROLYSIS	0.000001	0.000000	0.000131
DHN_BOILER_GAS	0.000001	0.000000	0.000160
DHN_BOILER_WOOD	0.000003	0.000000	0.000224
DHN_BOILER_OIL	0.000001	0.000000	0.000135
DHN_DEEP_GEO	0.000000	0.000000	0.000000
DHN_SOLAR	0.000029	0.000000	0.000000
DEC_HP_ELEC	133.551367	0.000000	1358.667593
DEC_THHP_GAS	0.000369	0.000000	0.011903
DEC_COGEN_GAS	0.000014	0.000000	0.000559
DEC_COGEN_OIL	0.000012	0.000000	0.000678
DEC_ADVCOGEN_GAS	0.000007	0.000000	0.000363
DEC_ADVCOGEN_H2	0.000009	0.000000	0.000003
DEC_BOILER_GAS	0.000005	0.000000	0.000185
DEC_BOILER_WOOD	0.000016	0.000000	0.000330
DEC_BOILER_OIL	0.000004	0.000000	0.000222
DEC_SOLAR	0.000359	0.000000	0.000000
DEC_DIRECT_ELEC	0.000001	0.000000	0.000000
TRAMWAY_TROLLEY	6.777617	0.000000	0.000000
BUS_COACH_DIESEL	0.000002	0.000000	0.000032
BUS_COACH_HYDIESEL	0.000002	0.000000	0.000029
BUS_COACH_CNG_STOICH	70.532340	0.000000	1113.868471
BUS_COACH_FC_HYBRIDH2	0.000006	0.000000	0.000003
BUS_COACH_ELECTRIC	0.000352	0.000000	0.000159
TRAIN_PUB	20.546125	0.000000	4.412859
CAR_GASOLINE	807.192494	0.000000	3184.409483
CAR_DIESEL	0.000001	0.000000	0.000004
CAR_NG	0.000002	0.000000	0.000005
CAR_METHANOL	0.000002	0.000000	0.000006
CAR_HEV	0.000001	0.000000	0.000003
CAR_PHEV	0.000685	0.000000	0.000347
CAR_BEV	2866.916322	0.000000	465.654579
CAR_FUEL_CELL	0.000001	0.000000	0.000014
TRAIN_FREIGHT	28.944183	0.000000	48.205783
BOAT_FREIGHT_DIESEL	0.000002	0.000000	0.000068
BOAT_FREIGHT_NG	0.000000	0.000000	0.000017
BOAT_FREIGHT_METHANOL	19.784963	0.000000	857.363906
TRUCK_DIESEL	337.456016	0.000000	3930.810739
TRUCK_METHANOL	0.000001	0.000000	0.000011
TRUCK_FUEL_CELL	0.001010	0.000000	0.000018
TRUCK_ELEC	188.026622	0.000000	3.600490
TRUCK_NG	0.000000	0.000000	0.000005
HABER_BOSCH	0.000208	0.000000	0.000009
SYN_METHANOLATION	0.000023	0.000000	0.000002
METHANE_TO_METHANOL	0.000002	0.000000	0.000007
BIOMASS_TO_METHANOL	0.000017	0.000000	0.000122
OIL_TO_HVC	0.000126	0.000000	0.001512
GAS_TO_HVC	28.289579	0.000000	341.436176
METHANOL_TO_HVC	145.890046	0.000000	7592.990864
ADLIBIO_TO_HVC	57.912479	0.000000	5186.191327
PHS	546.175485	0.000000	0.000000
BATT_LI	0.000107	0.000000	0.000000
BEV_BATT	0.000000	0.000000	0.000000
PHEV_BATT	0.000562	0.000000	0.000000
TS_DEC_DIRECT_ELEC	0.000020	0.000000	0.000000
TS_DEC_HP_ELEC	19.559793	0.000000	0.000000
TS_DEC_THHP_GAS	0.000024	0.000000	0.000000
TS_DEC_COGEN_GAS	0.000020	0.000000	0.000000
TS_DEC_COGEN_OIL	0.000020	0.000000	0.000000
TS_DEC_ADVCOGEN_GAS	0.000020	0.000000	0.000000
TS_DEC_ADVCOGEN_H2	0.000020	0.000000	0.000000
TS_DEC_BOILER_GAS	0.000020	0.000000	0.000000
TS_DEC_BOILER_WOOD	0.000020	0.000000	0.000000
TS_DEC_BOILER_OIL	0.000020	0.000000	0.000000
TS_DHN_DAILY	0.000167	0.000000	0.000000
TS_DHN_SEASONAL	148.139196	0.000000	0.000000
TS_HIGH_TEMP	9.316245	0.000000	0.000000
GAS_STORAGE	235.107161	0.000000	0.000000
H2_STORAGE	0.025325	0.000000	0.000000
DIESEL_STORAGE	0.003071	0.000000	0.000000
GASOLINE_STORAGE	0.002748	0.000000	0.000000
LFO_STORAGE	0.002583	0.000000	0.000000
AMMONIA_STORAGE	0.005143	0.000000	0.000000
METHANOL_STORAGE	0.005172	0.000000	0.000000
CO2_STORAGE	0.000240	0.000000	0.000000
ADLIBIO_TO_FUEL	0.000034	0.000000	0.000000
AMMONIA_TO_H2	0.000005	0.000000	0.000000
ATM_CCS	0.000002	0.000000	-0.000114
BIO_HYDROLYSIS	15.774621	0.000000	10124.547180
BIOMETHANATION	0.000449	0.000000	0.016394
DHN	0.000000	0.000000	0.000000
EFFICIENCY	0.000000	0.000000	0.000000
GASIFICATION_SNG	0.000000	0.000000	0.000148
GRID	23.286817	0.000000	0.000000
H2_BIOMASS	3.469265	0.000000	2.285338
H2_ELECTROLYSIS	0.000039	0.000000	0.000001
INDUSTRY_CCS	0.000000	0.000000	0.000016
REDIFUEL	0.000003	0.000000	0.000066
SMR	0.000000	0.000000	0.000612
SYN_METHANATION	0.000001	0.000000	0.000000
AMMONIA	0.000000	0.000119	0.000000
AMMONIA_RE_BE	0.000000	0.000000	0.000000
AMMONIA_RE_IMPORT	0.000000	773.352289	0.000000
BIODIESEL	0.000000	-0.000055	0.000000
BIODIESEL_BE	0.000000	0.000000	0.000000
BIOETHANOL	0.000000	-0.000062	0.000000
CO2_ATM	0.000000	0.000000	0.000000
CO2_CAPTURED	0.000000	0.000000	0.000000
CO2_EMISSIONS	0.000000	0.000000	0.000000
CO2_INDUSTRY	0.000000	0.000000	0.000000
COAL	0.000000	0.000114	0.000000
DIESEL	0.000000	521.323750	0.000000
ELEC_EXPORT	0.000000	0.000000	0.000000
ELECTRICITY	0.000000	1100.911964	0.000000
GAS	0.000000	5212.129872	0.000000
GAS_RE_BE	0.000000	0.000000	0.000000
GAS_RE_IMPORT	0.000000	-0.000006	0.000000
GASOLINE	0.000000	560.144818	0.000000
H2	0.000000	0.000001	0.000000
H2_RE_BE	0.000000	0.000000	0.000000
H2_RE_IMPORT	0.000000	492.314620	0.000000
LFO	0.000000	0.000425	0.000000
LFO_RE_BE	0.000000	0.000000	0.000000
METHANOL	0.000000	3125.414005	0.000000
METHANOL_RE_BE	0.000000	0.000000	0.000000
METHANOL_RE_IMPORT	0.000000	-0.000025	0.000000
RES_GEO	0.000000	0.000000	0.000000
RES_HYDRO	0.000000	0.000000	0.000000
RES_SOLAR	0.000000	0.000000	0.000000
RES_WIND	0.000000	0.000000	0.000000
URANIUM	0.000000	0.000000	0.000000
WASTE	0.000000	0.000000	0.000000
WET_BIOMASS	0.000000	-16198.328226	0.000000
WOOD	0.000000	-7496.776426	0.000000
WOOD_PRODUCTION	0.000000	-9193.349222	0.000000
