TECHNOLOGIES	 c_inv	 c_maint	 lifetime	  f_min	 f	 f_max	 fmin_perc	f_perc	 fmax_perc	 c_p	 c_p_max	 tau	 gwp_constr
 UNITS	[M€/GW]	 [M€/GW/y]	 [y]	 [GW or GWh]	 [GW or GWh]	 [GW or GWh]	 [0-1]	 [0-1]	 [0-1]	 [0-1]	 [0-1]	 [-]	 [ktCO2-eq./GW or GWh]
NUCLEAR	0.000000	0.000000	60.000000	0.000000	0.000000	0.000000	0.000000	0.000000	1.000000	0.000000	0.849000	0.025393	0.000000
CCGT	0.010541	0.000267	25.000000	0.000000	0.000014	Infinity	0.000000	0.000000	1.000000	0.036395	0.961540	0.048263	0.002510
CCGT_AMMONIA	0.001776	0.000045	25.000000	0.000000	0.000002	Infinity	0.000000	0.000000	1.000000	0.001532	0.630000	0.048263	0.000423
COAL_US	0.000000	0.000000	35.000000	0.000000	0.000000	0.000000	0.000000	0.000000	1.000000	0.000000	0.868000	0.036934	0.000000
COAL_IGCC	0.000000	0.000000	35.000000	0.000000	0.000000	0.000000	0.000000	0.000000	1.000000	0.000000	0.856000	0.036934	0.000000
PV	46148.523160	527.019681	25.000000	0.000000	53.044279	59.200000	0.000000	0.578091	1.000000	0.115204	1.000000	0.048263	110407.954669
WIND_ONSHORE	10399.999995	120.960000	30.000000	0.000000	10.000000	10.000000	0.000000	0.210553	1.000000	0.222572	1.000000	0.041639	6228.499997
WIND_OFFSHORE	29847.779674	207.665998	30.000000	0.000000	6.000000	6.000000	0.000000	0.206397	1.000000	0.363632	1.000000	0.041639	3737.099959
HYDRO_RIVER	580.165792	5.801152	40.000000	0.000000	0.115000	0.115000	0.000000	0.004959	1.000000	0.455827	1.000000	0.033427	145.224298
GEOTHERMAL	0.000000	0.000000	30.000000	0.000000	0.000000	0.000000	0.000000	0.000000	1.000000	0.000000	0.950000	0.041639	0.000000
IND_COGEN_GAS	4312.364403	277.194768	25.000000	0.000000	3.062694	Infinity	0.000000	0.419731	1.000000	0.840763	0.850000	0.048263	3137.178260
IND_COGEN_WOOD	0.002106	0.000077	25.000000	0.000000	0.000002	Infinity	0.000000	0.000000	1.000000	0.005913	0.850000	0.048263	0.000322
IND_COGEN_WASTE	0.001562	0.000058	25.000000	0.000000	0.000001	Infinity	0.000000	0.000000	1.000000	0.000552	0.850000	0.048263	0.000346
IND_BOILER_GAS	482.517860	9.667447	17.000000	0.000000	8.193545	Infinity	0.000000	0.238334	1.000000	0.178451	0.950000	0.067080	100.944473
IND_BOILER_WOOD	0.001575	0.000032	17.000000	0.000000	0.000014	Infinity	0.000000	0.000000	1.000000	0.005145	0.900000	0.067080	0.000395
IND_BOILER_OIL	0.001524	0.000033	17.000000	0.000000	0.000028	Infinity	0.000000	0.000000	1.000000	0.005728	0.950000	0.067080	0.000342
IND_BOILER_COAL	0.001545	0.000031	17.000000	0.000000	0.000013	Infinity	0.000000	0.000000	1.000000	0.010483	0.900000	0.067080	0.000646
IND_BOILER_WASTE	329.628128	6.592524	17.000000	0.000000	2.861852	Infinity	0.000000	0.246898	1.000000	0.529268	0.900000	0.067080	82.621671
IND_DIRECT_ELEC	1418.981314	6.437087	15.000000	0.000000	4.269668	Infinity	0.000000	0.095036	1.000000	0.136553	0.950000	0.074944	6.276411
DHN_HP_ELEC	1971.040350	66.836395	25.000000	0.000000	5.717138	Infinity	0.000000	0.645873	1.000000	0.603680	0.950000	0.048263	999.298477
DHN_COGEN_GAS	3168.205397	92.631571	25.000000	0.000000	2.525493	Infinity	0.000000	0.354127	1.000000	0.749292	0.850000	0.048263	1239.713880
DHN_COGEN_WOOD	0.001399	0.000051	25.000000	0.000000	0.000001	Infinity	0.000000	0.000000	1.000000	0.001952	0.850000	0.048263	0.000214
DHN_COGEN_WASTE	0.001493	0.000055	25.000000	0.000000	0.000001	Infinity	0.000000	0.000000	1.000000	0.000514	0.850000	0.048263	0.000330
DHN_COGEN_WET_BIOMASS	0.001041	0.000085	25.000000	0.000000	0.000001	Infinity	0.000000	0.000000	1.000000	0.001879	0.750000	0.048263	0.000776
DHN_COGEN_BIO_HYDROLYSIS	0.001145	0.000056	15.000000	0.000000	0.000000	Infinity	0.000000	0.000000	1.000000	0.000276	0.850000	0.074944	0.000163
DHN_BOILER_GAS	0.000366	0.000007	17.000000	0.000000	0.000006	Infinity	0.000000	0.000000	1.000000	0.004650	0.950000	0.067080	0.000076
DHN_BOILER_WOOD	0.000535	0.000011	17.000000	0.000000	0.000005	Infinity	0.000000	0.000000	1.000000	0.002510	0.900000	0.067080	0.000134
DHN_BOILER_OIL	0.000303	0.000007	17.000000	0.000000	0.000006	Infinity	0.000000	0.000000	1.000000	0.002489	0.950000	0.067080	0.000068
DHN_DEEP_GEO	0.000000	0.000000	30.000000	0.000000	0.000000	0.000000	0.000000	0.000000	1.000000	0.000000	0.850000	0.041639	0.000000
DHN_SOLAR	0.000793	0.000001	30.000000	0.000000	0.000002	Infinity	0.000000	0.000000	1.000000	0.001178	1.000000	0.041639	0.000485
DEC_HP_ELEC	9599.312284	400.240713	18.000000	0.000000	19.509211	Infinity	0.000000	0.999995	1.000000	0.449807	1.000000	0.063806	3216.873837
DEC_THHP_GAS	0.031039	0.000907	20.000000	0.000000	0.000098	Infinity	0.000000	0.000005	1.000000	0.429719	1.000000	0.058246	0.037553
DEC_COGEN_GAS	0.003432	0.000221	20.000000	0.000000	0.000002	Infinity	0.000000	0.000000	1.000000	0.007746	1.000000	0.058246	0.002496
DEC_COGEN_OIL	0.002678	0.000164	20.000000	0.000000	0.000002	Infinity	0.000000	0.000000	1.000000	0.005626	1.000000	0.058246	0.002101
DEC_ADVCOGEN_GAS	0.004911	0.000092	20.000000	0.000000	0.000001	Infinity	0.000000	0.000000	1.000000	0.002334	1.000000	0.058246	0.001487
DEC_ADVCOGEN_H2	0.004973	0.000093	20.000000	0.000000	0.000001	Infinity	0.000000	0.000000	1.000000	0.002442	1.000000	0.058246	0.001506
DEC_BOILER_GAS	0.002775	0.000083	17.000000	0.000000	0.000018	Infinity	0.000000	0.000000	1.000000	0.006203	1.000000	0.067080	0.000369
DEC_BOILER_WOOD	0.002256	0.000079	17.000000	0.000000	0.000005	Infinity	0.000000	0.000000	1.000000	0.003693	1.000000	0.067080	0.000103
DEC_BOILER_OIL	0.002086	0.000125	17.000000	0.000000	0.000015	Infinity	0.000000	0.000000	1.000000	0.004200	1.000000	0.067080	0.000309
DEC_SOLAR	0.013443	0.000149	20.000000	0.000000	0.000019	Infinity	0.000000	0.000000	1.000000	0.009430	1.000000	0.058246	0.004136
DEC_DIRECT_ELEC	0.003219	0.000014	15.000000	0.000000	0.000081	Infinity	0.000000	0.000000	1.000000	0.001929	1.000000	0.074944	0.000118
TRAMWAY_TROLLEY	4725.034435	94.500689	30.000000	0.000000	7.560055	Infinity	0.000000	0.300000	0.300000	0.342470	0.342470	0.041639	0.000000
BUS_COACH_DIESEL	0.000475	0.000024	15.000000	0.000000	0.000001	Infinity	0.000000	0.000000	1.000000	0.002278	0.296800	0.074944	0.000000
BUS_COACH_HYDIESEL	0.000787	0.000031	15.000000	0.000000	0.000001	Infinity	0.000000	0.000000	1.000000	0.002789	0.296800	0.074944	0.000000
BUS_COACH_CNG_STOICH	3553.921118	177.696379	15.000000	0.000000	5.815518	Infinity	0.000000	0.199998	1.000000	0.296800	0.296800	0.074944	0.000000
BUS_COACH_FC_HYBRIDH2	0.001131	0.000044	15.000000	0.000000	0.000001	Infinity	0.000000	0.000000	1.000000	0.004148	0.296800	0.074944	0.000000
BUS_COACH_ELECTRIC	0.035580	0.001556	15.000000	0.000000	0.000050	Infinity	0.000000	0.000002	1.000000	0.147770	0.296800	0.074944	0.000000
TRAIN_PUB	23625.649370	852.657334	40.000000	0.000000	15.687474	Infinity	0.000000	0.500000	0.500000	0.275070	0.275070	0.033427	0.000000
CAR_GASOLINE	21014.500086	1200.000005	10.000000	50.000000	50.000000	Infinity	0.000000	0.297614	1.000000	0.051370	0.051370	0.108434	0.000000
CAR_DIESEL	0.000159	0.000009	10.000000	0.000000	0.000000	Infinity	0.000000	0.000000	1.000000	0.000183	0.051370	0.108434	0.000000
CAR_NG	0.000229	0.000013	10.000000	0.000000	0.000001	Infinity	0.000000	0.000000	1.000000	0.000271	0.051370	0.108434	0.000000
CAR_METHANOL	0.000194	0.000011	10.000000	0.000000	0.000000	Infinity	0.000000	0.000000	1.000000	0.000232	0.051370	0.108434	0.000000
CAR_HEV	0.000139	0.000011	10.000000	0.000000	0.000000	Infinity	0.000000	0.000000	1.000000	0.000164	0.051370	0.108434	0.000000
CAR_PHEV	0.070025	0.005217	10.000000	0.000000	0.000153	Infinity	0.000000	0.000001	1.000000	0.029118	0.051370	0.108434	0.000000
CAR_BEV	51193.142723	1180.027723	10.000000	0.000000	118.002772	Infinity	0.000000	0.702385	1.000000	0.051370	0.051370	0.108434	0.000000
CAR_FUEL_CELL	0.000081	0.000001	10.000000	0.000000	0.000000	Infinity	0.000000	0.000000	1.000000	0.000000	0.051370	0.108434	0.000000
TRAIN_FREIGHT	737.033466	14.740046	40.000000	0.000000	7.058355	Infinity	0.000000	1.000000	1.000000	0.342470	0.342470	0.033427	0.000000
BOAT_FREIGHT_DIESEL	0.000033	0.000002	40.000000	0.000000	0.000000	Infinity	0.000000	0.000000	1.000000	0.000431	0.114160	0.033427	0.000000
BOAT_FREIGHT_NG	0.000074	0.000004	40.000000	0.000000	0.000001	Infinity	0.000000	0.000000	1.000000	0.001012	0.114160	0.033427	0.000000
BOAT_FREIGHT_METHANOL	1941.019169	97.049547	40.000000	0.000000	25.409336	Infinity	0.000000	1.000000	1.000000	0.114160	0.114160	0.033427	0.000000
TRUCK_DIESEL	12617.740037	630.888891	15.000000	34.000000	34.000000	Infinity	0.000000	0.723510	1.000000	0.092590	0.092590	0.074944	0.000000
TRUCK_METHANOL	0.000156	0.000008	15.000000	0.000000	0.000000	Infinity	0.000000	0.000000	1.000000	0.000378	0.092590	0.074944	0.000000
TRUCK_FUEL_CELL	0.018041	0.000443	15.000000	0.000000	0.000037	Infinity	0.000000	0.000001	1.000000	0.034017	0.092590	0.074944	0.000000
TRUCK_ELEC	5638.227537	300.573805	15.000000	0.000000	12.993104	Infinity	0.000000	0.276489	1.000000	0.092590	0.092590	0.074944	0.000000
TRUCK_NG	0.000080	0.000004	15.000000	0.000000	0.000000	Infinity	0.000000	0.000000	1.000000	0.000186	0.092590	0.074944	0.000000
HABER_BOSCH	0.007529	0.000147	20.000000	0.000000	0.000009	Infinity	0.000000	1.000000	1.000000	0.038021	1.000000	0.058246	0.000000
SYN_METHANOLATION	0.001665	0.000047	20.000000	0.000000	0.000001	Infinity	0.000000	0.152352	1.000000	0.002027	0.950000	0.058246	0.000000
METHANE_TO_METHANOL	0.004255	0.000186	25.000000	0.000000	0.000004	Infinity	0.000000	0.783834	1.000000	0.010429	0.850000	0.048263	0.000000
BIOMASS_TO_METHANOL	0.001942	0.000030	20.000000	0.000000	0.000001	Infinity	0.000000	0.063814	1.000000	0.000849	1.000000	0.058246	0.000000
OIL_TO_HVC	0.002490	0.000013	20.000000	0.000000	0.000006	Infinity	0.000000	0.000000	1.000000	0.006603	1.000000	0.058246	0.000000
GAS_TO_HVC	227.887553	5.697183	20.000000	0.000000	0.285717	Infinity	0.000000	0.006331	1.000000	0.104666	1.000000	0.058246	0.000000
METHANOL_TO_HVC	2917.605799	262.584522	20.000000	0.000000	4.184747	Infinity	0.000000	0.885295	1.000000	0.999246	1.000000	0.058246	0.000000
ADLIBIO_TO_HVC	490.701978	10.665092	20.000000	0.000000	0.538641	Infinity	0.000000	0.108373	1.000000	0.950332	1.000000	0.058246	511.547386
PHS	294.001697	0.000000	50.000000	5.000000	5.000029	6.500000	0.000000	-1.000000	1.000000	0.021742	1.000000	0.028572	
BATT_LI	0.018505	0.000029	15.000000	0.000000	0.000061	Infinity	0.000000	-1.000000	1.000000	0.016754	1.000000	0.074944	
BEV_BATT	0.000000	0.000000	1.000000	0.000000	117.066242	Infinity	0.000000	-1.000000	1.000000	0.004465	1.000000	1.015000	
PHEV_BATT	0.000000	0.000000	1.000000	0.000000	0.000030	Infinity	0.000000	-1.000000	1.000000	0.002177	1.000000	1.015000	
TS_DEC_DIRECT_ELEC	0.007575	0.000053	20.000000	0.000000	0.000399	Infinity	0.000000	-1.000000	1.000000	0.000613	1.000000	0.058246	
TS_DEC_HP_ELEC	1217.017928	8.519940	20.000000	0.000000	64.154872	Infinity	0.000000	-1.000000	1.000000	0.032260	1.000000	0.058246	
TS_DEC_THHP_GAS	0.008383	0.000059	20.000000	0.000000	0.000442	Infinity	0.000000	-1.000000	1.000000	0.021239	1.000000	0.058246	
TS_DEC_COGEN_GAS	0.007551	0.000053	20.000000	0.000000	0.000398	Infinity	0.000000	-1.000000	1.000000	0.000606	1.000000	0.058246	
TS_DEC_COGEN_OIL	0.007495	0.000052	20.000000	0.000000	0.000395	Infinity	0.000000	-1.000000	1.000000	0.000501	1.000000	0.058246	
TS_DEC_ADVCOGEN_GAS	0.007550	0.000053	20.000000	0.000000	0.000398	Infinity	0.000000	-1.000000	1.000000	0.000484	1.000000	0.058246	
TS_DEC_ADVCOGEN_H2	0.007518	0.000053	20.000000	0.000000	0.000396	Infinity	0.000000	-1.000000	1.000000	0.000382	1.000000	0.058246	
TS_DEC_BOILER_GAS	0.007550	0.000053	20.000000	0.000000	0.000398	Infinity	0.000000	-1.000000	1.000000	0.001010	1.000000	0.058246	
TS_DEC_BOILER_WOOD	0.007539	0.000053	20.000000	0.000000	0.000397	Infinity	0.000000	-1.000000	1.000000	0.000517	1.000000	0.058246	
TS_DEC_BOILER_OIL	0.007541	0.000053	20.000000	0.000000	0.000398	Infinity	0.000000	-1.000000	1.000000	0.000530	1.000000	0.058246	
TS_DHN_DAILY	0.014784	0.000042	40.000000	0.000000	0.004928	Infinity	0.000000	-1.000000	1.000000	0.000971	1.000000	0.033427	
TS_DHN_SEASONAL	359.069177	1.967123	25.000000	0.000000	664.942920	Infinity	0.000000	-1.000000	1.000000	0.001543	1.000000	0.048263	
TS_HIGH_TEMP	1236.485807	13.233883	25.000000	0.000000	44.112944	Infinity	0.000000	-1.000000	1.000000	0.019387	1.000000	0.048263	
GAS_STORAGE	20.124695	0.526931	50.000000	0.000000	402.493905	Infinity	0.000000	-1.000000	1.000000	0.000257	1.000000	0.028572	
H2_STORAGE	17.315397	1.090954	20.000000	0.000000	2.797318	Infinity	0.000000	-1.000000	1.000000	0.006588	1.000000	0.058246	
DIESEL_STORAGE	0.202132	0.008025	20.000000	0.000000	20.213245	Infinity	0.000000	-1.000000	1.000000	0.000017	1.000000	0.058246	
GASOLINE_STORAGE	7.314917	0.290402	20.000000	0.000000	731.491739	Infinity	0.000000	-1.000000	1.000000	0.000629	1.000000	0.058246	
LFO_STORAGE	0.095951	0.003809	20.000000	0.000000	9.595142	Infinity	0.000000	-1.000000	1.000000	0.000000	1.000000	0.058246	
AMMONIA_STORAGE	0.000064	0.000003	20.000000	0.000000	0.006385	Infinity	0.000000	-1.000000	1.000000	0.000034	1.000000	0.058246	
METHANOL_STORAGE	0.000002	0.000000	20.000000	0.000000	0.000224	Infinity	0.000000	-1.000000	1.000000	0.000042	1.000000	0.058246	
CO2_STORAGE	0.137567	0.001376	30.000000	0.000000	0.002779	Infinity	0.000000	-1.000000	1.000000	0.000010	1.000000	0.041639	
ADLIBIO_TO_FUEL	1010.871882	18.458146	20.000000	0.000000	1.442043	Infinity	0.000000	-1.000000	1.000000	0.884877	1.000000	0.058246	
AMMONIA_TO_H2	0.000889	0.000082	25.000000	0.000000	0.000001	Infinity	0.000000	-1.000000	1.000000	0.001238	0.860000	0.048263	
ATM_CCS	0.002483	0.000062	40.000000	0.000000	0.000000	Infinity	0.000000	-1.000000	1.000000	0.000664	1.000000	0.033427	
BIO_HYDROLYSIS	4138.042749	282.134422	15.000000	0.000000	2.599420	Infinity	0.000000	-1.000000	1.000000	0.722614	0.850000	0.074944	
BIOMETHANATION	0.018985	0.000263	20.000000	0.000000	0.000019	Infinity	0.000000	-1.000000	1.000000	0.089719	0.850000	0.058246	
DHN	6807.443309	0.000000	60.000000	0.000000	8.242654	Infinity	0.000000	-1.000000	1.000000	0.000000	1.000000	0.025393	
EFFICIENCY	5517.241379	0.000000	1.000000	0.000000	0.985222	Infinity	0.000000	-1.000000	1.000000	0.000000	1.000000	1.015000	
GASIFICATION_SNG	0.001482	0.000104	25.000000	0.000000	0.000001	Infinity	0.000000	-1.000000	1.000000	0.001853	0.850000	0.048263	
GRID	100313.545972	0.000000	80.000000	0.000000	1.338959	Infinity	0.000000	-1.000000	1.000000	0.000000	1.000000	0.021548	
H2_BIOMASS	2610.004731	183.871777	25.000000	0.000000	1.033506	Infinity	0.000000	-1.000000	1.000000	0.860000	0.860000	0.048263	
H2_ELECTROLYSIS	0.005560	0.000153	15.000000	0.000000	0.000008	Infinity	0.000000	-1.000000	1.000000	0.014810	0.900000	0.074944	
INDUSTRY_CCS	0.002306	0.000057	40.000000	0.000000	0.000001	Infinity	0.000000	-1.000000	1.000000	0.000552	1.000000	0.033427	
REDIFUEL	0.001513	0.000040	20.000000	0.000000	0.000000	Infinity	0.000000	-1.000000	1.000000	0.000345	1.000000	0.058246	
SMR	0.002147	0.000198	25.000000	0.000000	0.000003	Infinity	0.000000	-1.000000	1.000000	0.011738	0.860000	0.048263	
SYN_METHANATION	0.000483	0.000124	40.000000	0.000000	0.000002	Infinity	0.000000	-1.000000	1.000000	0.003312	1.000000	0.033427	