Name	Crit_3_tech	Crit_3_res	Crit_3_op
NUCLEAR	0.000000	0.000000	0.000000
CCGT	0.000032	0.000000	0.000030
CCGT_AMMONIA	0.000007	0.000000	0.000002
COAL_US	0.000000	0.000000	0.000000
COAL_IGCC	0.000000	0.000000	0.000000
PV	1458.344541	0.000000	0.000000
WIND_ONSHORE	99.655601	0.000000	3.667346
WIND_OFFSHORE	94.362622	0.000000	5.197285
HYDRO_RIVER	1.293595	0.000000	0.016439
GEOTHERMAL	0.000000	0.000000	0.000000
IND_COGEN_GAS	16.169011	0.000000	21.029753
IND_COGEN_WOOD	0.000010	0.000000	0.000080
IND_COGEN_WASTE	0.000006	0.000000	0.000045
IND_BOILER_GAS	1.361661	0.000000	0.000000
IND_BOILER_WOOD	0.000039	0.000000	0.000065
IND_BOILER_OIL	0.000005	0.000000	0.000000
IND_BOILER_COAL	0.000033	0.000000	0.000003
IND_BOILER_WASTE	8.511690	0.000000	300.983042
IND_DIRECT_ELEC	0.140799	0.000000	0.000000
DHN_HP_ELEC	6.980311	0.000000	1.560052
DHN_COGEN_GAS	7.327407	0.000000	15.454468
DHN_COGEN_WOOD	0.000003	0.000000	0.000030
DHN_COGEN_WASTE	0.000006	0.000000	0.000042
DHN_COGEN_WET_BIOMASS	0.000052	0.000000	0.000031
DHN_COGEN_BIO_HYDROLYSIS	0.000002	0.000000	0.000041
DHN_BOILER_GAS	0.000001	0.000000	0.000000
DHN_BOILER_WOOD	0.000012	0.000000	0.000032
DHN_BOILER_OIL	0.000001	0.000000	0.000000
DHN_DEEP_GEO	0.000000	0.000000	0.000000
DHN_SOLAR	0.000080	0.000000	0.000000
DEC_HP_ELEC	33.082882	0.000000	5.281133
DEC_THHP_GAS	0.000819	0.000000	0.000000
DEC_COGEN_GAS	0.000025	0.000000	0.000006
DEC_COGEN_OIL	0.000021	0.000000	0.000023
DEC_ADVCOGEN_GAS	0.000033	0.000000	0.000016
DEC_ADVCOGEN_H2	0.000033	0.000000	0.000017
DEC_BOILER_GAS	0.000022	0.000000	0.000000
DEC_BOILER_WOOD	0.000026	0.000000	0.000048
DEC_BOILER_OIL	0.000019	0.000000	0.000000
DEC_SOLAR	0.001026	0.000000	0.000000
DEC_DIRECT_ELEC	0.000003	0.000000	0.000000
TRAMWAY_TROLLEY	4.234415	0.000000	0.000000
BUS_COACH_DIESEL	0.000012	0.000000	0.000000
BUS_COACH_HYDIESEL	0.000015	0.000000	0.000000
BUS_COACH_CNG_STOICH	91.231680	0.000000	0.260067
BUS_COACH_FC_HYBRIDH2	0.000029	0.000000	0.000000
BUS_COACH_ELECTRIC	0.001019	0.000000	0.000002
TRAIN_PUB	20.980968	0.000000	0.000000
CAR_GASOLINE	480.602845	0.000000	79.131069
CAR_DIESEL	0.000004	0.000000	0.000001
CAR_NG	0.000005	0.000000	0.000001
CAR_METHANOL	0.000004	0.000000	0.000001
CAR_HEV	0.000003	0.000000	0.000001
CAR_PHEV	0.002280	0.000000	0.000143
CAR_BEV	3132.638587	0.000000	214.286354
CAR_FUEL_CELL	0.000004	0.000000	0.000000
TRAIN_FREIGHT	11.141636	0.000000	0.000000
BOAT_FREIGHT_DIESEL	0.000000	0.000000	0.000000
BOAT_FREIGHT_NG	0.000000	0.000000	0.000000
BOAT_FREIGHT_METHANOL	9.895741	0.000000	0.173553
TRUCK_DIESEL	232.909988	0.000000	0.078870
TRUCK_METHANOL	0.000003	0.000000	0.000000
TRUCK_FUEL_CELL	0.000423	0.000000	0.000000
TRUCK_ELEC	223.131301	0.000000	0.030140
TRUCK_NG	0.000001	0.000000	0.000000
HABER_BOSCH	0.000708	0.000000	0.014718
SYN_METHANOLATION	0.000076	0.000000	0.000078
METHANE_TO_METHANOL	0.000006	0.000000	0.000183
BIOMASS_TO_METHANOL	0.000059	0.000000	0.000046
OIL_TO_HVC	0.000201	0.000000	0.000000
GAS_TO_HVC	9.097966	0.000000	0.000000
METHANOL_TO_HVC	133.253330	0.000000	0.000000
ADLIBIO_TO_HVC	17.151743	0.000000	72.695325
PHS	217.107910	0.000000	0.000000
BATT_LI	0.001373	0.000000	0.000000
BEV_BATT	0.000000	0.000000	0.000000
PHEV_BATT	0.010231	0.000000	0.000000
TS_DEC_DIRECT_ELEC	0.000101	0.000000	0.000000
TS_DEC_HP_ELEC	16.192125	0.000000	0.000000
TS_DEC_THHP_GAS	0.000112	0.000000	0.000000
TS_DEC_COGEN_GAS	0.000100	0.000000	0.000000
TS_DEC_COGEN_OIL	0.000100	0.000000	0.000000
TS_DEC_ADVCOGEN_GAS	0.000100	0.000000	0.000000
TS_DEC_ADVCOGEN_H2	0.000100	0.000000	0.000000
TS_DEC_BOILER_GAS	0.000100	0.000000	0.000000
TS_DEC_BOILER_WOOD	0.000100	0.000000	0.000000
TS_DEC_BOILER_OIL	0.000100	0.000000	0.000000
TS_DHN_DAILY	0.000622	0.000000	0.000000
TS_DHN_SEASONAL	134.260595	0.000000	0.000000
TS_HIGH_TEMP	8.906975	0.000000	0.000000
GAS_STORAGE	122.526792	0.000000	0.000000
H2_STORAGE	0.836738	0.000000	0.000000
DIESEL_STORAGE	0.025237	0.000000	0.000000
GASOLINE_STORAGE	0.944913	0.000000	0.000000
LFO_STORAGE	0.009734	0.000000	0.000000
AMMONIA_STORAGE	0.012195	0.000000	0.000000
METHANOL_STORAGE	0.017049	0.000000	0.000000
CO2_STORAGE	0.000716	0.000000	0.000000
ADLIBIO_TO_FUEL	47.932386	0.000000	131.367357
AMMONIA_TO_H2	0.000018	0.000000	0.000000
ATM_CCS	0.000006	0.000000	0.000003
BIO_HYDROLYSIS	5.895603	0.000000	691.549241
BIOMETHANATION	0.000779	0.000000	0.000720
DHN	0.000000	0.000000	0.000000
EFFICIENCY	0.000000	0.000000	0.000000
GASIFICATION_SNG	0.000001	0.000000	0.000044
GRID	28.179237	0.000000	0.000000
H2_BIOMASS	1.406423	0.000000	18.039191
H2_ELECTROLYSIS	0.000066	0.000000	0.000007
INDUSTRY_CCS	0.000000	0.000000	0.000003
REDIFUEL	0.000008	0.000000	0.000037
SMR	0.000000	0.000000	0.000125
SYN_METHANATION	0.000002	0.000000	0.000000
AMMONIA	0.000000	0.000521	0.000000
AMMONIA_RE_BE	0.000000	0.000000	0.000000
AMMONIA_RE_IMPORT	0.000000	7148.217446	0.000000
BIODIESEL	0.000000	0.004823	0.000000
BIODIESEL_BE	0.000000	0.000000	0.000000
BIOETHANOL	0.000000	0.002403	0.000000
CO2_ATM	0.000000	0.000000	0.000000
CO2_CAPTURED	0.000000	0.000000	0.000000
CO2_EMISSIONS	0.000000	0.000000	0.000000
CO2_INDUSTRY	0.000000	0.000000	0.000000
COAL	0.000000	0.000111	0.000000
DIESEL	0.000000	123.272493	0.000000
ELEC_EXPORT	0.000000	0.000000	0.000000
ELECTRICITY	0.000000	2060.909081	0.000000
GAS	0.000000	566.261615	0.000000
GAS_RE_BE	0.000000	0.000000	0.000000
GAS_RE_IMPORT	0.000000	0.004712	0.000000
GASOLINE	0.000000	0.000081	0.000000
H2	0.000000	0.000001	0.000000
H2_RE_BE	0.000000	0.000000	0.000000
H2_RE_IMPORT	0.000000	4280.614842	0.000000
LFO	0.000000	0.000291	0.000000
LFO_RE_BE	0.000000	0.000000	0.000000
METHANOL	0.000000	1519.464495	0.000000
METHANOL_RE_BE	0.000000	0.000000	0.000000
METHANOL_RE_IMPORT	0.000000	0.000811	0.000000
RES_GEO	0.000000	0.000000	0.000000
RES_HYDRO	0.000000	0.000000	0.000000
RES_SOLAR	0.000000	0.000000	0.000000
RES_WIND	0.000000	0.000000	0.000000
URANIUM	0.000000	0.000000	0.000000
WASTE	0.000000	0.000000	0.000000
WET_BIOMASS	0.000000	1627.594204	0.000000
WOOD	0.000000	1310.770000	0.000000
WOOD_PRODUCTION	0.000000	143.153181	0.000000
