TECHNOLOGIES	 c_inv	 c_maint	 lifetime	  f_min	 f	 f_max	 fmin_perc	f_perc	 fmax_perc	 c_p	 c_p_max	 tau	 gwp_constr
 UNITS	[M€/GW]	 [M€/GW/y]	 [y]	 [GW or GWh]	 [GW or GWh]	 [GW or GWh]	 [0-1]	 [0-1]	 [0-1]	 [0-1]	 [0-1]	 [-]	 [ktCO2-eq./GW or GWh]
NUCLEAR	0.000000	0.000000	60.000000	0.000000	0.000000	0.000000	0.000000	0.000000	1.000000	0.000000	0.849000	0.025393	0.000000
CCGT	0.001648	0.000042	25.000000	0.000000	0.000002	Infinity	0.000000	0.000000	1.000000	0.006324	0.961540	0.048263	0.000403
CCGT_AMMONIA	510.171921	12.921067	25.000000	0.000000	0.679441	Infinity	0.000000	0.030787	1.000000	0.524847	0.630000	0.048263	124.874475
COAL_US	0.000000	0.000000	35.000000	0.000000	0.000000	0.000000	0.000000	0.000000	1.000000	0.000000	0.868000	0.036934	0.000000
COAL_IGCC	0.000000	0.000000	35.000000	0.000000	0.000000	0.000000	0.000000	0.000000	1.000000	0.000000	0.856000	0.036934	0.000000
PV	37809.857422	431.792181	25.000000	0.000000	59.174986	59.200000	0.000000	0.583919	1.000000	0.114296	1.000000	0.048263	123168.591493
WIND_ONSHORE	9788.199946	113.844999	30.000000	0.000000	10.000000	10.000000	0.000000	0.191723	1.000000	0.222071	1.000000	0.041639	6228.499966
WIND_OFFSHORE	27919.199949	194.247600	30.000000	0.000000	6.000000	6.000000	0.000000	0.188833	1.000000	0.364538	1.000000	0.041639	3737.099993
HYDRO_RIVER	580.165800	5.801152	40.000000	0.000000	0.115000	0.115000	0.000000	0.004738	1.000000	0.477210	1.000000	0.033427	145.224300
GEOTHERMAL	0.000000	0.000000	30.000000	0.000000	0.000000	0.000000	0.000000	0.000000	1.000000	0.000000	0.950000	0.041639	0.000000
IND_COGEN_GAS	3902.439598	250.844217	25.000000	0.000000	2.979416	Infinity	0.000000	0.488192	1.000000	0.776055	0.850000	0.048263	3051.875805
IND_COGEN_WOOD	0.000067	0.000002	25.000000	0.000000	0.000000	Infinity	0.000000	0.000000	1.000000	0.002422	0.850000	0.048263	0.000011
IND_COGEN_WASTE	0.000471	0.000017	25.000000	0.000000	0.000000	Infinity	0.000000	0.000000	1.000000	0.000240	0.850000	0.048263	0.000115
IND_BOILER_GAS	208.233018	4.172051	17.000000	0.000000	3.535966	Infinity	0.000000	0.130282	1.000000	0.174506	0.950000	0.067080	43.563097
IND_BOILER_WOOD	0.000443	0.000009	17.000000	0.000000	0.000004	Infinity	0.000000	0.000000	1.000000	0.001916	0.900000	0.067080	0.000111
IND_BOILER_OIL	0.000557	0.000012	17.000000	0.000000	0.000010	Infinity	0.000000	0.000000	1.000000	0.003402	0.950000	0.067080	0.000125
IND_BOILER_COAL	0.000002	0.000000	17.000000	0.000000	0.000000	Infinity	0.000000	0.000000	1.000000	0.000000	0.900000	0.067080	0.000001
IND_BOILER_WASTE	311.113215	6.222237	17.000000	0.000000	2.701104	Infinity	0.000000	0.225669	1.000000	0.395698	0.900000	0.067080	77.980887
IND_DIRECT_ELEC	1986.542033	9.011766	15.000000	0.000000	5.977439	Infinity	0.000000	0.155857	1.000000	0.123493	0.950000	0.074944	8.786835
DHN_HP_ELEC	2489.597112	84.419733	25.000000	0.000000	7.834342	Infinity	0.000000	0.999999	1.000000	0.643414	0.950000	0.048263	1369.364590
DHN_COGEN_GAS	0.008397	0.000245	25.000000	0.000000	0.000007	Infinity	0.000000	0.000001	1.000000	0.040970	0.850000	0.048263	0.003532
DHN_COGEN_WOOD	0.000010	0.000000	25.000000	0.000000	0.000000	Infinity	0.000000	0.000000	1.000000	0.000525	0.850000	0.048263	0.000002
DHN_COGEN_WASTE	0.000281	0.000010	25.000000	0.000000	0.000000	Infinity	0.000000	0.000000	1.000000	0.000220	0.850000	0.048263	0.000069
DHN_COGEN_WET_BIOMASS	0.000254	0.000021	25.000000	0.000000	0.000000	Infinity	0.000000	0.000000	1.000000	0.000432	0.750000	0.048263	0.000204
DHN_COGEN_BIO_HYDROLYSIS	0.000005	0.000000	15.000000	0.000000	0.000000	Infinity	0.000000	0.000000	1.000000	0.000096	0.850000	0.074944	0.000001
DHN_BOILER_GAS	0.000202	0.000004	17.000000	0.000000	0.000003	Infinity	0.000000	0.000000	1.000000	0.001372	0.950000	0.067080	0.000042
DHN_BOILER_WOOD	0.000143	0.000003	17.000000	0.000000	0.000001	Infinity	0.000000	0.000000	1.000000	0.000576	0.900000	0.067080	0.000036
DHN_BOILER_OIL	0.000059	0.000001	17.000000	0.000000	0.000001	Infinity	0.000000	0.000000	1.000000	0.000478	0.950000	0.067080	0.000013
DHN_DEEP_GEO	0.000000	0.000000	30.000000	0.000000	0.000000	0.000000	0.000000	0.000000	1.000000	0.000000	0.850000	0.041639	0.000000
DHN_SOLAR	0.000010	0.000000	30.000000	0.000000	0.000000	Infinity	0.000000	0.000000	1.000000	0.000317	1.000000	0.041639	0.000007
DEC_HP_ELEC	7902.614620	329.498935	18.000000	0.000000	17.424679	Infinity	0.000000	0.901067	1.000000	0.450553	1.000000	0.063806	2873.155303
DEC_THHP_GAS	0.001991	0.000058	20.000000	0.000000	0.000007	Infinity	0.000000	0.000000	1.000000	0.025978	1.000000	0.058246	0.002613
DEC_COGEN_GAS	0.000637	0.000041	20.000000	0.000000	0.000000	Infinity	0.000000	0.000000	1.000000	0.001993	1.000000	0.058246	0.000498
DEC_COGEN_OIL	0.001125	0.000069	20.000000	0.000000	0.000001	Infinity	0.000000	0.000000	1.000000	0.003320	1.000000	0.058246	0.000949
DEC_ADVCOGEN_GAS	0.001785	0.000033	20.000000	0.000000	0.000000	Infinity	0.000000	0.000000	1.000000	0.001293	1.000000	0.058246	0.000693
DEC_ADVCOGEN_H2	9124.117633	170.040000	20.000000	0.000000	1.614171	Infinity	0.000000	0.098932	1.000000	0.534003	1.000000	0.058246	3540.603346
DEC_BOILER_GAS	0.001283	0.000038	17.000000	0.000000	0.000008	Infinity	0.000000	0.000000	1.000000	0.001487	1.000000	0.067080	0.000171
DEC_BOILER_WOOD	0.000409	0.000014	17.000000	0.000000	0.000001	Infinity	0.000000	0.000000	1.000000	0.001776	1.000000	0.067080	0.000019
DEC_BOILER_OIL	0.000801	0.000048	17.000000	0.000000	0.000006	Infinity	0.000000	0.000000	1.000000	0.001456	1.000000	0.067080	0.000119
DEC_SOLAR	0.011435	0.000127	20.000000	0.000000	0.000017	Infinity	0.000000	0.000000	1.000000	0.010832	1.000000	0.058246	0.003673
DEC_DIRECT_ELEC	0.001598	0.000007	15.000000	0.000000	0.000042	Infinity	0.000000	0.000000	1.000000	0.007242	1.000000	0.074944	0.000062
TRAMWAY_TROLLEY	4977.081528	99.541631	30.000000	0.000000	7.963330	Infinity	0.000000	0.300000	0.300000	0.342470	0.342470	0.041639	0.000000
BUS_COACH_DIESEL	0.000130	0.000006	15.000000	0.000000	0.000000	Infinity	0.000000	0.000000	1.000000	0.000890	0.296800	0.074944	0.000000
BUS_COACH_HYDIESEL	0.000150	0.000006	15.000000	0.000000	0.000000	Infinity	0.000000	0.000000	1.000000	0.000799	0.296800	0.074944	0.000000
BUS_COACH_CNG_STOICH	0.000124	0.000006	15.000000	0.000000	0.000000	Infinity	0.000000	0.000000	1.000000	0.000866	0.296800	0.074944	0.000000
BUS_COACH_FC_HYBRIDH2	0.001189	0.000047	15.000000	0.000000	0.000002	Infinity	0.000000	0.000000	1.000000	0.008983	0.296800	0.074944	0.000000
BUS_COACH_ELECTRIC	15171.552837	670.007951	15.000000	0.000000	21.440254	Infinity	0.000000	0.700000	1.000000	0.296800	0.296800	0.074944	0.000000
TRAIN_PUB	0.001934	0.000070	40.000000	0.000000	0.000001	Infinity	0.000000	0.000000	0.500000	0.012695	0.275070	0.033427	0.000000
CAR_GASOLINE	0.000089	0.000005	10.000000	0.000000	0.000000	Infinity	0.000000	0.000000	1.000000	0.000171	0.051370	0.108434	0.000000
CAR_DIESEL	0.000072	0.000004	10.000000	0.000000	0.000000	Infinity	0.000000	0.000000	1.000000	0.000223	0.051370	0.108434	0.000000
CAR_NG	0.000086	0.000005	10.000000	0.000000	0.000000	Infinity	0.000000	0.000000	1.000000	0.000241	0.051370	0.108434	0.000000
CAR_METHANOL	0.000064	0.000004	10.000000	0.000000	0.000000	Infinity	0.000000	0.000000	1.000000	0.000118	0.051370	0.108434	0.000000
CAR_HEV	0.000072	0.000006	10.000000	0.000000	0.000000	Infinity	0.000000	0.000000	1.000000	0.000226	0.051370	0.108434	0.000000
CAR_PHEV	0.033294	0.002453	10.000000	0.000000	0.000072	Infinity	0.000000	0.000000	1.000000	0.025521	0.051370	0.108434	0.000000
CAR_BEV	73381.894608	1769.645612	10.000000	0.000000	176.964561	Infinity	0.000000	1.000000	1.000000	0.051370	0.051370	0.108434	0.000000
CAR_FUEL_CELL	0.000099	0.000002	10.000000	0.000000	0.000000	Infinity	0.000000	0.000000	1.000000	0.000373	0.051370	0.108434	0.000000
TRAIN_FREIGHT	807.210504	16.143514	40.000000	0.000000	7.730420	Infinity	0.000000	1.000000	1.000000	0.342470	0.342470	0.033427	0.000000
BOAT_FREIGHT_DIESEL	0.002598	0.000126	40.000000	0.000000	0.000033	Infinity	0.000000	0.000001	1.000000	0.037611	0.114160	0.033427	0.000000
BOAT_FREIGHT_NG	0.001482	0.000072	40.000000	0.000000	0.000019	Infinity	0.000000	0.000001	1.000000	0.022141	0.114160	0.033427	0.000000
BOAT_FREIGHT_METHANOL	2198.463538	106.289868	40.000000	0.000000	27.828652	Infinity	0.000000	0.999998	1.000000	0.114160	0.114160	0.033427	0.000000
TRUCK_DIESEL	0.000043	0.000002	15.000000	0.000000	0.000000	Infinity	0.000000	0.000000	1.000000	0.000219	0.092590	0.074944	0.000000
TRUCK_METHANOL	0.000082	0.000004	15.000000	0.000000	0.000000	Infinity	0.000000	0.000000	1.000000	0.000317	0.092590	0.074944	0.000000
TRUCK_FUEL_CELL	24651.950972	621.044087	15.000000	0.000000	51.467600	Infinity	0.000000	1.000000	1.000000	0.092590	0.092590	0.074944	0.000000
TRUCK_ELEC	0.000058	0.000003	15.000000	0.000000	0.000000	Infinity	0.000000	0.000000	1.000000	0.003979	0.092590	0.074944	0.000000
TRUCK_NG	0.000053	0.000003	15.000000	0.000000	0.000000	Infinity	0.000000	0.000000	1.000000	0.000141	0.092590	0.074944	0.000000
HABER_BOSCH	944.822338	18.472616	20.000000	0.000000	1.205776	Infinity	0.000000	1.000000	1.000000	0.535755	1.000000	0.058246	0.000000
SYN_METHANOLATION	0.000765	0.000022	20.000000	0.000000	0.000001	Infinity	0.000000	0.281303	1.000000	0.004049	0.950000	0.058246	0.000000
METHANE_TO_METHANOL	0.003469	0.000152	25.000000	0.000000	0.000006	Infinity	0.000000	0.694084	1.000000	0.009990	0.850000	0.048263	0.000000
BIOMASS_TO_METHANOL	0.000632	0.000010	20.000000	0.000000	0.000000	Infinity	0.000000	0.024613	1.000000	0.000354	1.000000	0.058246	0.000000
OIL_TO_HVC	0.000665	0.000004	20.000000	0.000000	0.000002	Infinity	0.000000	0.000000	1.000000	0.003844	1.000000	0.058246	0.000000
GAS_TO_HVC	0.000000	0.000000	20.000000	0.000000	0.000000	0.000000	0.000000	0.000000	1.000000	0.000000	1.000000	0.058246	0.000000
METHANOL_TO_HVC	1589.999041	143.099174	20.000000	0.000000	2.465115	Infinity	0.000000	0.310099	1.000000	0.615396	1.000000	0.058246	0.000000
ADLIBIO_TO_HVC	3420.297244	74.732506	20.000000	0.000000	3.954101	Infinity	0.000000	0.689901	1.000000	0.853554	1.000000	0.058246	3755.209587
PHS	294.000431	0.000000	50.000000	5.000000	5.000007	6.500000	0.000000	-1.000000	1.000000	0.019584	1.000000	0.028572	
BATT_LI	695.129324	1.074686	15.000000	0.000000	4.437185	Infinity	0.000000	-1.000000	1.000000	0.022283	1.000000	0.074944	
BEV_BATT	0.000000	0.000000	1.000000	0.000000	175.560081	Infinity	0.000000	-1.000000	1.000000	0.004027	1.000000	1.015000	
PHEV_BATT	0.000000	0.000000	1.000000	0.000000	0.000014	Infinity	0.000000	-1.000000	1.000000	0.001079	1.000000	1.015000	
TS_DEC_DIRECT_ELEC	0.003940	0.000028	20.000000	0.000000	0.000208	Infinity	0.000000	-1.000000	1.000000	0.001985	1.000000	0.058246	
TS_DEC_HP_ELEC	1010.599744	7.074731	20.000000	0.000000	53.273576	Infinity	0.000000	-1.000000	1.000000	0.030707	1.000000	0.058246	
TS_DEC_THHP_GAS	0.004111	0.000029	20.000000	0.000000	0.000217	Infinity	0.000000	-1.000000	1.000000	0.003634	1.000000	0.058246	
TS_DEC_COGEN_GAS	0.004029	0.000028	20.000000	0.000000	0.000212	Infinity	0.000000	-1.000000	1.000000	0.000351	1.000000	0.058246	
TS_DEC_COGEN_OIL	0.004074	0.000029	20.000000	0.000000	0.000215	Infinity	0.000000	-1.000000	1.000000	0.000453	1.000000	0.058246	
TS_DEC_ADVCOGEN_GAS	0.003759	0.000026	20.000000	0.000000	0.000198	Infinity	0.000000	-1.000000	1.000000	0.000380	1.000000	0.058246	
TS_DEC_ADVCOGEN_H2	843.194700	5.902807	20.000000	0.000000	44.448851	Infinity	0.000000	-1.000000	1.000000	0.008594	1.000000	0.058246	
TS_DEC_BOILER_GAS	0.003905	0.000027	20.000000	0.000000	0.000206	Infinity	0.000000	-1.000000	1.000000	0.000452	1.000000	0.058246	
TS_DEC_BOILER_WOOD	0.004083	0.000029	20.000000	0.000000	0.000215	Infinity	0.000000	-1.000000	1.000000	0.000492	1.000000	0.058246	
TS_DEC_BOILER_OIL	0.003871	0.000027	20.000000	0.000000	0.000204	Infinity	0.000000	-1.000000	1.000000	0.000289	1.000000	0.058246	
TS_DHN_DAILY	0.007212	0.000021	40.000000	0.000000	0.002404	Infinity	0.000000	-1.000000	1.000000	0.001001	1.000000	0.033427	
TS_DHN_SEASONAL	518.053481	2.819406	25.000000	0.000000	996.256695	Infinity	0.000000	-1.000000	1.000000	0.001500	1.000000	0.048263	
TS_HIGH_TEMP	944.289879	10.106563	25.000000	0.000000	33.688544	Infinity	0.000000	-1.000000	1.000000	0.020431	1.000000	0.048263	
GAS_STORAGE	0.003084	0.000081	50.000000	0.000000	0.061673	Infinity	0.000000	-1.000000	1.000000	0.000155	1.000000	0.028572	
H2_STORAGE	180.392860	11.365624	20.000000	0.000000	29.142627	Infinity	0.000000	-1.000000	1.000000	0.017373	1.000000	0.058246	
DIESEL_STORAGE	0.018002	0.000720	20.000000	0.000000	1.800243	Infinity	0.000000	-1.000000	1.000000	0.000000	1.000000	0.058246	
GASOLINE_STORAGE	0.018144	0.000726	20.000000	0.000000	1.814430	Infinity	0.000000	-1.000000	1.000000	0.000000	1.000000	0.058246	
LFO_STORAGE	0.020852	0.000834	20.000000	0.000000	2.085205	Infinity	0.000000	-1.000000	1.000000	0.000000	1.000000	0.058246	
AMMONIA_STORAGE	0.000056	0.000002	20.000000	0.000000	0.005619	Infinity	0.000000	-1.000000	1.000000	0.001428	1.000000	0.058246	
METHANOL_STORAGE	0.000001	0.000000	20.000000	0.000000	0.000129	Infinity	0.000000	-1.000000	1.000000	0.000040	1.000000	0.058246	
CO2_STORAGE	0.074949	0.000749	30.000000	0.000000	0.001514	Infinity	0.000000	-1.000000	1.000000	0.000239	1.000000	0.041639	
ADLIBIO_TO_FUEL	0.000327	0.000006	20.000000	0.000000	0.000000	Infinity	0.000000	-1.000000	1.000000	0.005820	1.000000	0.058246	
AMMONIA_TO_H2	0.000132	0.000012	25.000000	0.000000	0.000000	Infinity	0.000000	-1.000000	1.000000	0.001374	0.860000	0.048263	
ATM_CCS	0.011522	0.000286	40.000000	0.000000	0.000002	Infinity	0.000000	-1.000000	1.000000	0.012209	1.000000	0.033427	
BIO_HYDROLYSIS	3922.381963	267.432349	15.000000	0.000000	2.663377	Infinity	0.000000	-1.000000	1.000000	0.705266	0.850000	0.074944	
BIOMETHANATION	0.001150	0.000016	20.000000	0.000000	0.000001	Infinity	0.000000	-1.000000	1.000000	0.005255	0.850000	0.058246	
DHN	6603.723320	0.000000	60.000000	0.000000	7.995984	Infinity	0.000000	-1.000000	1.000000	0.000000	1.000000	0.025393	
EFFICIENCY	5517.241379	0.000000	1.000000	0.000000	0.985222	Infinity	0.000000	-1.000000	1.000000	0.000000	1.000000	1.015000	
GASIFICATION_SNG	0.000005	0.000000	25.000000	0.000000	0.000000	Infinity	0.000000	-1.000000	1.000000	0.001319	0.850000	0.048263	
GRID	102568.419894	0.000000	80.000000	0.000000	1.369056	Infinity	0.000000	-1.000000	1.000000	0.000000	1.000000	0.021548	
H2_BIOMASS	235.097987	16.562467	25.000000	0.000000	0.132991	Infinity	0.000000	-1.000000	1.000000	0.603502	0.860000	0.048263	
H2_ELECTROLYSIS	0.000138	0.000004	15.000000	0.000000	0.000000	Infinity	0.000000	-1.000000	1.000000	0.001541	0.900000	0.074944	
INDUSTRY_CCS	0.001698	0.000042	40.000000	0.000000	0.000001	Infinity	0.000000	-1.000000	1.000000	0.001083	1.000000	0.033427	
REDIFUEL	0.000246	0.000007	20.000000	0.000000	0.000000	Infinity	0.000000	-1.000000	1.000000	0.000129	1.000000	0.058246	
SMR	0.000025	0.000002	25.000000	0.000000	0.000000	Infinity	0.000000	-1.000000	1.000000	0.000769	0.860000	0.048263	
SYN_METHANATION	0.002253	0.000576	40.000000	0.000000	0.000013	Infinity	0.000000	-1.000000	1.000000	0.057343	1.000000	0.033427	