TECHNOLOGIES	 c_inv	 c_maint	 lifetime	  f_min	 f	 f_max	 fmin_perc	f_perc	 fmax_perc	 c_p	 c_p_max	 tau	 gwp_constr
 UNITS	[M€/GW]	 [M€/GW/y]	 [y]	 [GW or GWh]	 [GW or GWh]	 [GW or GWh]	 [0-1]	 [0-1]	 [0-1]	 [0-1]	 [0-1]	 [-]	 [ktCO2-eq./GW or GWh]
NUCLEAR	0.000000	0.000000	60.000000	0.000000	0.000000	0.000000	0.000000	0.000000	1.000000	0.000000	0.849000	0.025393	0.000000
CCGT	0.070421	0.001784	25.000000	0.000000	0.000090	Infinity	0.000000	0.000003	1.000000	0.288839	0.961540	0.048263	0.016614
CCGT_AMMONIA	0.025355	0.000642	25.000000	0.000000	0.000033	Infinity	0.000000	0.000000	1.000000	0.021717	0.630000	0.048263	0.005982
COAL_US	0.000000	0.000000	35.000000	0.000000	0.000000	0.000000	0.000000	0.000000	1.000000	0.000000	0.868000	0.036934	0.000000
COAL_IGCC	0.000000	0.000000	35.000000	0.000000	0.000000	0.000000	0.000000	0.000000	1.000000	0.000000	0.856000	0.036934	0.000000
PV	35184.090949	401.803493	25.000000	0.000000	37.152427	59.200000	0.000000	0.492183	1.000000	0.116832	1.000000	0.048263	77330.175100
WIND_ONSHORE	10603.899983	123.331765	30.000000	0.000000	10.000000	10.000000	0.000000	0.253509	1.000000	0.223572	1.000000	0.041639	6228.499990
WIND_OFFSHORE	30490.679541	212.138803	30.000000	0.000000	6.000000	6.000000	0.000000	0.248241	1.000000	0.364876	1.000000	0.041639	3737.099944
HYDRO_RIVER	580.165651	5.801150	40.000000	0.000000	0.115000	0.115000	0.000000	0.006063	1.000000	0.464960	1.000000	0.033427	145.224263
GEOTHERMAL	0.000000	0.000000	30.000000	0.000000	0.000000	0.000000	0.000000	0.000000	1.000000	0.000000	0.950000	0.041639	0.000000
IND_COGEN_GAS	5642.214174	362.674985	25.000000	0.000000	3.916083	Infinity	0.000000	0.634267	1.000000	0.850000	0.850000	0.048263	4011.322216
IND_COGEN_WOOD	0.040623	0.001487	25.000000	0.000000	0.000037	Infinity	0.000000	0.000001	1.000000	0.059631	0.850000	0.048263	0.006073
IND_COGEN_WASTE	0.029894	0.001102	25.000000	0.000000	0.000010	Infinity	0.000000	0.000000	1.000000	0.019364	0.850000	0.048263	0.006413
IND_BOILER_GAS	583.998572	11.700655	17.000000	0.000000	9.916770	Infinity	0.000000	0.261408	1.000000	0.138340	0.950000	0.067080	122.174604
IND_BOILER_WOOD	0.023708	0.000474	17.000000	0.000000	0.000206	Infinity	0.000000	0.000002	1.000000	0.039965	0.900000	0.067080	0.005942
IND_BOILER_OIL	0.017495	0.000376	17.000000	0.000000	0.000319	Infinity	0.000000	0.000002	1.000000	0.034521	0.950000	0.067080	0.003929
IND_BOILER_COAL	0.024686	0.000494	17.000000	0.000000	0.000214	Infinity	0.000000	0.000004	1.000000	0.095868	0.900000	0.067080	0.010326
IND_BOILER_WASTE	124.106816	2.482122	17.000000	0.000000	1.077503	Infinity	0.000000	0.104302	1.000000	0.508010	0.900000	0.067080	31.107517
IND_DIRECT_ELEC	0.262233	0.001190	15.000000	0.000000	0.000789	Infinity	0.000000	0.000014	1.000000	0.095485	0.950000	0.074944	0.001160
DHN_HP_ELEC	2133.028435	72.330046	25.000000	0.000000	6.029762	Infinity	0.000000	0.693878	1.000000	0.612065	0.950000	0.048263	1053.942163
DHN_COGEN_GAS	2685.019593	78.504505	25.000000	0.000000	2.091691	Infinity	0.000000	0.306115	1.000000	0.778399	0.850000	0.048263	1026.769096
DHN_COGEN_WOOD	0.023499	0.000860	25.000000	0.000000	0.000021	Infinity	0.000000	0.000001	1.000000	0.036753	0.850000	0.048263	0.003513
DHN_COGEN_WASTE	0.027829	0.001026	25.000000	0.000000	0.000009	Infinity	0.000000	0.000000	1.000000	0.016663	0.850000	0.048263	0.005970
DHN_COGEN_WET_BIOMASS	0.031783	0.002587	25.000000	0.000000	0.000023	Infinity	0.000000	0.000001	1.000000	0.064946	0.750000	0.048263	0.023141
DHN_COGEN_BIO_HYDROLYSIS	0.018387	0.000898	15.000000	0.000000	0.000004	Infinity	0.000000	0.000000	1.000000	0.009275	0.850000	0.074944	0.002566
DHN_BOILER_GAS	0.004968	0.000100	17.000000	0.000000	0.000084	Infinity	0.000000	0.000002	1.000000	0.099723	0.950000	0.067080	0.001039
DHN_BOILER_WOOD	0.007562	0.000151	17.000000	0.000000	0.000066	Infinity	0.000000	0.000001	1.000000	0.049992	0.900000	0.067080	0.001895
DHN_BOILER_OIL	0.003890	0.000084	17.000000	0.000000	0.000071	Infinity	0.000000	0.000001	1.000000	0.055078	0.950000	0.067080	0.000874
DHN_DEEP_GEO	0.000000	0.000000	30.000000	0.000000	0.000000	0.000000	0.000000	0.000000	1.000000	0.000000	0.850000	0.041639	0.000000
DHN_SOLAR	0.030184	0.000036	30.000000	0.000000	0.000082	Infinity	0.000000	0.000001	1.000000	0.041895	1.000000	0.041639	0.018189
DEC_HP_ELEC	9177.912120	382.667385	18.000000	0.000000	18.178403	Infinity	0.000000	0.934284	1.000000	0.449080	1.000000	0.063806	2997.436875
DEC_THHP_GAS	414.705813	12.120567	20.000000	0.000000	1.280272	Infinity	0.000000	0.065708	1.000000	0.448455	1.000000	0.058246	488.974410
DEC_COGEN_GAS	0.066300	0.004262	20.000000	0.000000	0.000046	Infinity	0.000000	0.000002	1.000000	0.158592	1.000000	0.058246	0.047136
DEC_COGEN_OIL	0.039723	0.002437	20.000000	0.000000	0.000030	Infinity	0.000000	0.000001	1.000000	0.057931	1.000000	0.058246	0.030457
DEC_ADVCOGEN_GAS	0.109244	0.002036	20.000000	0.000000	0.000014	Infinity	0.000000	0.000000	1.000000	0.041954	1.000000	0.058246	0.030831
DEC_ADVCOGEN_H2	0.072531	0.001352	20.000000	0.000000	0.000009	Infinity	0.000000	0.000000	1.000000	0.019436	1.000000	0.058246	0.020469
DEC_BOILER_GAS	0.033477	0.001004	17.000000	0.000000	0.000211	Infinity	0.000000	0.000001	1.000000	0.056455	1.000000	0.067080	0.004453
DEC_BOILER_WOOD	0.037342	0.001307	17.000000	0.000000	0.000081	Infinity	0.000000	0.000001	1.000000	0.060637	1.000000	0.067080	0.001703
DEC_BOILER_OIL	0.024759	0.001485	17.000000	0.000000	0.000174	Infinity	0.000000	0.000001	1.000000	0.044186	1.000000	0.067080	0.003667
DEC_SOLAR	0.146047	0.001620	20.000000	0.000000	0.000200	Infinity	0.000000	0.000001	1.000000	0.051391	1.000000	0.058246	0.044307
DEC_DIRECT_ELEC	0.034203	0.000150	15.000000	0.000000	0.000840	Infinity	0.000000	0.000000	1.000000	0.004835	1.000000	0.074944	0.001235
TRAMWAY_TROLLEY	4725.034152	94.500683	30.000000	0.000000	7.560055	Infinity	0.000000	0.300000	0.300000	0.342470	0.342470	0.041639	0.000000
BUS_COACH_DIESEL	0.005396	0.000272	15.000000	0.000000	0.000009	Infinity	0.000000	0.000000	1.000000	0.025910	0.296800	0.074944	0.000000
BUS_COACH_HYDIESEL	0.004321	0.000174	15.000000	0.000000	0.000005	Infinity	0.000000	0.000000	1.000000	0.014960	0.296800	0.074944	0.000000
BUS_COACH_CNG_STOICH	3528.919345	177.690772	15.000000	0.000000	5.815334	Infinity	0.000000	0.199992	1.000000	0.296800	0.296800	0.074944	0.000000
BUS_COACH_FC_HYBRIDH2	0.018113	0.000641	15.000000	0.000000	0.000021	Infinity	0.000000	0.000001	1.000000	0.060710	0.296800	0.074944	0.000000
BUS_COACH_ELECTRIC	0.162669	0.006939	15.000000	0.000000	0.000222	Infinity	0.000000	0.000008	1.000000	0.296611	0.296800	0.074944	0.000000
TRAIN_PUB	23625.612367	852.655999	40.000000	0.000000	15.687449	Infinity	0.000000	0.499999	0.500000	0.275070	0.275070	0.033427	0.000000
CAR_GASOLINE	41676.000105	2400.000006	10.000000	100.000000	100.000000	Infinity	0.000000	0.595227	1.000000	0.051370	0.051370	0.108434	0.000000
CAR_DIESEL	0.002599	0.000145	10.000000	0.000000	0.000006	Infinity	0.000000	0.000000	1.000000	0.003071	0.051370	0.108434	0.000000
CAR_NG	0.006705	0.000377	10.000000	0.000000	0.000016	Infinity	0.000000	0.000000	1.000000	0.008071	0.051370	0.108434	0.000000
CAR_METHANOL	0.003988	0.000230	10.000000	0.000000	0.000010	Infinity	0.000000	0.000000	1.000000	0.004849	0.051370	0.108434	0.000000
CAR_HEV	0.002416	0.000192	10.000000	0.000000	0.000006	Infinity	0.000000	0.000000	1.000000	0.002903	0.051370	0.108434	0.000000
CAR_PHEV	0.929639	0.068823	10.000000	0.000000	0.002024	Infinity	0.000000	0.000007	1.000000	0.028108	0.051370	0.108434	0.000000
CAR_BEV	30292.783328	680.018482	10.000000	0.000000	68.001848	Infinity	0.000000	0.404766	1.000000	0.051370	0.051370	0.108434	0.000000
CAR_FUEL_CELL	0.003770	0.000051	10.000000	0.000000	0.000005	Infinity	0.000000	0.000000	1.000000	0.002601	0.051370	0.108434	0.000000
TRAIN_FREIGHT	737.033619	14.740049	40.000000	0.000000	7.058357	Infinity	0.000000	1.000000	1.000000	0.342470	0.342470	0.033427	0.000000
BOAT_FREIGHT_DIESEL	0.032281	0.001628	40.000000	0.000000	0.000426	Infinity	0.000000	0.000017	1.000000	0.113570	0.114160	0.033427	0.000000
BOAT_FREIGHT_NG	0.029779	0.001500	40.000000	0.000000	0.000393	Infinity	0.000000	0.000015	1.000000	0.113821	0.114160	0.033427	0.000000
BOAT_FREIGHT_METHANOL	1924.694134	97.046367	40.000000	0.000000	25.408503	Infinity	0.000000	0.999968	1.000000	0.114160	0.114160	0.033427	0.000000
TRUCK_DIESEL	16928.000147	853.555563	15.000000	46.000000	46.000000	Infinity	0.000000	0.978785	1.000000	0.092590	0.092590	0.074944	0.000000
TRUCK_METHANOL	0.058186	0.002934	15.000000	0.000000	0.000158	Infinity	0.000000	0.000003	1.000000	0.092471	0.092590	0.074944	0.000000
TRUCK_FUEL_CELL	0.051208	0.001152	15.000000	0.000000	0.000095	Infinity	0.000000	0.000002	1.000000	0.088230	0.092590	0.074944	0.000000
TRUCK_ELEC	443.440672	23.057962	15.000000	0.000000	0.996742	Infinity	0.000000	0.021208	1.000000	0.092589	0.092590	0.074944	0.000000
TRUCK_NG	0.027952	0.001407	15.000000	0.000000	0.000076	Infinity	0.000000	0.000002	1.000000	0.070136	0.092590	0.074944	0.000000
HABER_BOSCH	607.543662	11.878300	20.000000	0.000000	0.699822	Infinity	0.000000	1.000000	1.000000	0.279258	1.000000	0.058246	0.000000
SYN_METHANOLATION	0.029628	0.000841	20.000000	0.000000	0.000015	Infinity	0.000000	0.242825	1.000000	0.033032	0.950000	0.058246	0.000000
METHANE_TO_METHANOL	0.033177	0.001451	25.000000	0.000000	0.000030	Infinity	0.000000	0.579684	1.000000	0.078855	0.850000	0.048263	0.000000
BIOMASS_TO_METHANOL	0.039703	0.000607	20.000000	0.000000	0.000014	Infinity	0.000000	0.177491	1.000000	0.024144	1.000000	0.058246	0.000000
OIL_TO_HVC	0.029519	0.000157	20.000000	0.000000	0.000073	Infinity	0.000000	0.000001	1.000000	0.047937	1.000000	0.058246	0.000000
GAS_TO_HVC	0.045793	0.001145	20.000000	0.000000	0.000056	Infinity	0.000000	0.000001	1.000000	0.057716	1.000000	0.058246	0.000000
METHANOL_TO_HVC	3375.326480	303.779808	20.000000	0.000000	4.723379	Infinity	0.000000	0.999995	1.000000	0.999996	1.000000	0.058246	0.000000
ADLIBIO_TO_HVC	0.036898	0.000802	20.000000	0.000000	0.000040	Infinity	0.000000	0.000002	1.000000	0.116488	1.000000	0.058246	0.037720
PHS	294.030048	0.000000	50.000000	5.000000	5.000511	6.500000	0.000000	-1.000000	1.000000	0.022766	1.000000	0.028572	
BATT_LI	0.150771	0.000233	15.000000	0.000000	0.000430	Infinity	0.000000	-1.000000	1.000000	0.029517	1.000000	0.074944	
BEV_BATT	0.000000	0.000000	1.000000	0.000000	67.462151	Infinity	0.000000	-1.000000	1.000000	0.005030	1.000000	1.015000	
PHEV_BATT	0.000000	0.000000	1.000000	0.000000	0.000402	Infinity	0.000000	-1.000000	1.000000	0.007163	1.000000	1.015000	
TS_DEC_DIRECT_ELEC	0.111749	0.000782	20.000000	0.000000	0.005891	Infinity	0.000000	-1.000000	1.000000	0.000554	1.000000	0.058246	
TS_DEC_HP_ELEC	1044.788466	7.314219	20.000000	0.000000	55.075828	Infinity	0.000000	-1.000000	1.000000	0.029060	1.000000	0.058246	
TS_DEC_THHP_GAS	51.673728	0.361751	20.000000	0.000000	2.723971	Infinity	0.000000	-1.000000	1.000000	0.036916	1.000000	0.058246	
TS_DEC_COGEN_GAS	0.112162	0.000785	20.000000	0.000000	0.005913	Infinity	0.000000	-1.000000	1.000000	0.000787	1.000000	0.058246	
TS_DEC_COGEN_OIL	0.110539	0.000774	20.000000	0.000000	0.005827	Infinity	0.000000	-1.000000	1.000000	0.000385	1.000000	0.058246	
TS_DEC_ADVCOGEN_GAS	0.111020	0.000777	20.000000	0.000000	0.005852	Infinity	0.000000	-1.000000	1.000000	0.000440	1.000000	0.058246	
TS_DEC_ADVCOGEN_H2	0.113187	0.000792	20.000000	0.000000	0.005967	Infinity	0.000000	-1.000000	1.000000	0.000408	1.000000	0.058246	
TS_DEC_BOILER_GAS	0.111425	0.000780	20.000000	0.000000	0.005874	Infinity	0.000000	-1.000000	1.000000	0.000874	1.000000	0.058246	
TS_DEC_BOILER_WOOD	0.110942	0.000777	20.000000	0.000000	0.005848	Infinity	0.000000	-1.000000	1.000000	0.000391	1.000000	0.058246	
TS_DEC_BOILER_OIL	0.111101	0.000778	20.000000	0.000000	0.005857	Infinity	0.000000	-1.000000	1.000000	0.000510	1.000000	0.058246	
TS_DHN_DAILY	0.400543	0.001148	40.000000	0.000000	0.133514	Infinity	0.000000	-1.000000	1.000000	0.001171	1.000000	0.033427	
TS_DHN_SEASONAL	397.394823	2.167608	25.000000	0.000000	722.536042	Infinity	0.000000	-1.000000	1.000000	0.001486	1.000000	0.048263	
TS_HIGH_TEMP	360.729093	3.860818	25.000000	0.000000	12.869393	Infinity	0.000000	-1.000000	1.000000	0.023107	1.000000	0.048263	
GAS_STORAGE	4.494640	0.117684	50.000000	0.000000	89.892791	Infinity	0.000000	-1.000000	1.000000	0.000273	1.000000	0.028572	
H2_STORAGE	69.957277	4.407648	20.000000	0.000000	11.301660	Infinity	0.000000	-1.000000	1.000000	0.007904	1.000000	0.058246	
DIESEL_STORAGE	2245.844873	89.160041	20.000000	0.000000	224584.487306	Infinity	0.000000	-1.000000	1.000000	0.000004	1.000000	0.058246	
GASOLINE_STORAGE	523.352217	20.777083	20.000000	0.000000	52335.221686	Infinity	0.000000	-1.000000	1.000000	0.000019	1.000000	0.058246	
LFO_STORAGE	16588.309541	658.555889	20.000000	0.000000	1658830.954095	Infinity	0.000000	-1.000000	1.000000	0.000000	1.000000	0.058246	
AMMONIA_STORAGE	0.002235	0.000089	20.000000	0.000000	0.223520	Infinity	0.000000	-1.000000	1.000000	0.000102	1.000000	0.058246	
METHANOL_STORAGE	0.000096	0.000004	20.000000	0.000000	0.009619	Infinity	0.000000	-1.000000	1.000000	0.000105	1.000000	0.058246	
CO2_STORAGE	2.043493	0.020435	30.000000	0.000000	0.041283	Infinity	0.000000	-1.000000	1.000000	0.000008	1.000000	0.041639	
ADLIBIO_TO_FUEL	2134.572760	38.810414	20.000000	0.000000	2.985416	Infinity	0.000000	-1.000000	1.000000	0.886361	1.000000	0.058246	
AMMONIA_TO_H2	0.015394	0.001421	25.000000	0.000000	0.000022	Infinity	0.000000	-1.000000	1.000000	0.025099	0.860000	0.048263	
ATM_CCS	0.045464	0.001129	40.000000	0.000000	0.000009	Infinity	0.000000	-1.000000	1.000000	0.008919	1.000000	0.033427	
BIO_HYDROLYSIS	3508.012848	239.178802	15.000000	0.000000	2.149992	Infinity	0.000000	-1.000000	1.000000	0.725071	0.850000	0.074944	
BIOMETHANATION	425.155670	5.889398	20.000000	0.000000	0.420671	Infinity	0.000000	-1.000000	1.000000	0.536534	0.850000	0.058246	
DHN	6785.134437	0.000000	60.000000	0.000000	8.215642	Infinity	0.000000	-1.000000	1.000000	0.000000	1.000000	0.025393	
EFFICIENCY	5517.241379	0.000000	1.000000	0.000000	0.985222	Infinity	0.000000	-1.000000	1.000000	0.000000	1.000000	1.015000	
GASIFICATION_SNG	0.026095	0.001840	25.000000	0.000000	0.000010	Infinity	0.000000	-1.000000	1.000000	0.040336	0.850000	0.048263	
GRID	94468.522430	0.000000	80.000000	0.000000	1.260941	Infinity	0.000000	-1.000000	1.000000	0.000000	1.000000	0.021548	
H2_BIOMASS	0.663123	0.046716	25.000000	0.000000	0.000239	Infinity	0.000000	-1.000000	1.000000	0.807513	0.860000	0.048263	
H2_ELECTROLYSIS	0.054324	0.001494	15.000000	0.000000	0.000072	Infinity	0.000000	-1.000000	1.000000	0.166164	0.900000	0.074944	
INDUSTRY_CCS	0.032350	0.000803	40.000000	0.000000	0.000012	Infinity	0.000000	-1.000000	1.000000	0.013093	1.000000	0.033427	
REDIFUEL	0.064077	0.001715	20.000000	0.000000	0.000009	Infinity	0.000000	-1.000000	1.000000	0.010953	1.000000	0.058246	
SMR	0.152464	0.014069	25.000000	0.000000	0.000218	Infinity	0.000000	-1.000000	1.000000	0.538010	0.860000	0.048263	
SYN_METHANATION	0.009837	0.002514	40.000000	0.000000	0.000034	Infinity	0.000000	-1.000000	1.000000	0.062742	1.000000	0.033427	