Name	Crit_2_tech	Crit_2_res	Crit_2_op
NUCLEAR	0.000000	0.000000	0.000000
CCGT	0.006474	0.000000	-0.002151
CCGT_AMMONIA	0.002937	0.000000	0.000092
COAL_US	0.000000	0.000000	0.000000
COAL_IGCC	0.000000	0.000000	0.000000
PV	8820.297375	0.000000	0.000000
WIND_ONSHORE	3283.873048	0.000000	69.090283
WIND_OFFSHORE	1030.677216	0.000000	97.809047
HYDRO_RIVER	34.059563	0.000000	-7.672692
GEOTHERMAL	0.000000	0.000000	0.000000
IND_COGEN_GAS	379.540933	0.000000	509.531436
IND_COGEN_WOOD	0.003858	0.000000	0.000197
IND_COGEN_WASTE	0.002744	0.000000	0.000815
IND_BOILER_GAS	32.035168	0.000000	0.000000
IND_BOILER_WOOD	0.015898	0.000000	0.000064
IND_BOILER_OIL	0.001030	0.000000	0.000000
IND_BOILER_COAL	0.039227	0.000000	0.002363
IND_BOILER_WASTE	87.719587	0.000000	56.198210
IND_DIRECT_ELEC	0.000567	0.000000	0.000000
DHN_HP_ELEC	139.932742	0.000000	7.992159
DHN_COGEN_GAS	187.252027	0.000000	249.229699
DHN_COGEN_WOOD	0.001341	0.000000	0.000194
DHN_COGEN_WASTE	0.002554	0.000000	0.000701
DHN_COGEN_WET_BIOMASS	0.104514	0.000000	0.019666
DHN_COGEN_BIO_HYDROLYSIS	0.003708	0.000000	0.024172
DHN_BOILER_GAS	0.000273	0.000000	0.000000
DHN_BOILER_WOOD	0.004913	0.000000	0.000039
DHN_BOILER_OIL	0.000229	0.000000	0.000000
DHN_DEEP_GEO	0.000000	0.000000	0.000000
DHN_SOLAR	0.063035	0.000000	0.000000
DEC_HP_ELEC	585.925473	0.000000	23.547520
DEC_THHP_GAS	160.333287	0.000000	0.000000
DEC_COGEN_GAS	0.008409	0.000000	0.002428
DEC_COGEN_OIL	0.005433	0.000000	0.000276
DEC_ADVCOGEN_GAS	0.014156	0.000000	0.009161
DEC_ADVCOGEN_H2	0.009398	0.000000	0.004244
DEC_BOILER_GAS	0.004018	0.000000	0.000000
DEC_BOILER_WOOD	0.056360	0.000000	0.000048
DEC_BOILER_OIL	0.003309	0.000000	0.000000
DEC_SOLAR	0.230322	0.000000	0.000000
DEC_DIRECT_ELEC	0.000603	0.000000	0.000000
TRAMWAY_TROLLEY	73.308682	0.000000	0.000000
BUS_COACH_DIESEL	0.002334	0.000000	0.000002
BUS_COACH_HYDIESEL	0.001377	0.000000	0.000001
BUS_COACH_CNG_STOICH	1547.070457	0.000000	1.244350
BUS_COACH_FC_HYBRIDH2	0.006885	0.000000	0.000004
BUS_COACH_ELECTRIC	0.074562	0.000000	0.000047
TRAIN_PUB	418.147503	0.000000	0.000000
CAR_GASOLINE	11623.992259	0.000000	2241.907819
CAR_DIESEL	0.000711	0.000000	0.000136
CAR_NG	0.001914	0.000000	0.000351
CAR_METHANOL	0.001112	0.000000	0.000212
CAR_HEV	0.000738	0.000000	0.000127
CAR_PHEV	0.334342	0.000000	0.026185
CAR_BEV	15926.276777	0.000000	1727.398725
CAR_FUEL_CELL	0.002334	0.000000	0.000121
TRAIN_FREIGHT	243.715427	0.000000	0.000000
BOAT_FREIGHT_DIESEL	0.003466	0.000000	0.000076
BOAT_FREIGHT_NG	0.003193	0.000000	0.000070
BOAT_FREIGHT_METHANOL	206.661519	0.000000	4.538071
TRUCK_DIESEL	8454.461771	0.000000	0.511148
TRUCK_METHANOL	0.028437	0.000000	0.000002
TRUCK_FUEL_CELL	0.024514	0.000000	0.000001
TRUCK_ELEC	257.140530	0.000000	0.011076
TRUCK_NG	0.013871	0.000000	0.000001
HABER_BOSCH	2470.094890	0.000000	17.494526
SYN_METHANOLATION	0.052122	0.000000	0.002718
METHANE_TO_METHANOL	0.000288	0.000000	0.000277
BIOMASS_TO_METHANOL	0.048392	0.000000	0.016077
OIL_TO_HVC	0.102868	0.000000	0.000000
GAS_TO_HVC	0.079029	0.000000	0.000000
METHANOL_TO_HVC	6663.984726	0.000000	0.000000
ADLIBIO_TO_HVC	0.056035	0.000000	0.012998
PHS	5598.686374	0.000000	0.000000
BATT_LI	0.026053	0.000000	0.000000
BEV_BATT	0.000000	0.000000	0.000000
PHEV_BATT	0.364826	0.000000	0.000000
TS_DEC_DIRECT_ELEC	0.041948	0.000000	0.000000
TS_DEC_HP_ELEC	392.186860	0.000000	0.000000
TS_DEC_THHP_GAS	19.396995	0.000000	0.000000
TS_DEC_COGEN_GAS	0.042103	0.000000	0.000000
TS_DEC_COGEN_OIL	0.041494	0.000000	0.000000
TS_DEC_ADVCOGEN_GAS	0.041674	0.000000	0.000000
TS_DEC_ADVCOGEN_H2	0.042488	0.000000	0.000000
TS_DEC_BOILER_GAS	0.041826	0.000000	0.000000
TS_DEC_BOILER_WOOD	0.041645	0.000000	0.000000
TS_DEC_BOILER_OIL	0.041704	0.000000	0.000000
TS_DHN_DAILY	0.475368	0.000000	0.000000
TS_DHN_SEASONAL	4116.058156	0.000000	0.000000
TS_HIGH_TEMP	73.312843	0.000000	0.000000
GAS_STORAGE	180.482349	0.000000	0.000000
H2_STORAGE	22.296060	0.000000	0.000000
DIESEL_STORAGE	4211.797421	0.000000	0.000000
GASOLINE_STORAGE	1015.456133	0.000000	0.000000
LFO_STORAGE	25276.821761	0.000000	0.000000
AMMONIA_STORAGE	2.815572	0.000000	0.000000
METHANOL_STORAGE	32.499923	0.000000	0.000000
CO2_STORAGE	0.070124	0.000000	0.000000
ADLIBIO_TO_FUEL	4396.714344	0.000000	2140.470048
AMMONIA_TO_H2	0.013337	0.000000	0.000000
ATM_CCS	0.002801	0.000000	0.000785
BIO_HYDROLYSIS	1512.970110	0.000000	10097.138063
BIOMETHANATION	1260.204060	0.000000	330.883897
DHN	0.000000	0.000000	0.000000
EFFICIENCY	0.000000	0.000000	0.000000
GASIFICATION_SNG	0.004295	0.000000	0.017475
GRID	815.912624	0.000000	0.000000
H2_BIOMASS	0.100790	0.000000	0.007356
H2_ELECTROLYSIS	0.008264	0.000000	0.000320
INDUSTRY_CCS	0.000000	0.000000	0.000367
REDIFUEL	0.023630	0.000000	0.003183
SMR	0.000000	0.000000	0.004258
SYN_METHANATION	0.008873	0.000000	0.000016
AMMONIA	0.000000	0.019923	0.000000
AMMONIA_RE_BE	0.000000	0.000000	0.000000
AMMONIA_RE_IMPORT	0.000000	23904.630515	0.000000
BIODIESEL	0.000000	3.446633	0.000000
BIODIESEL_BE	0.000000	0.000000	0.000000
BIOETHANOL	0.000000	1.329545	0.000000
CO2_ATM	0.000000	0.000000	0.000000
CO2_CAPTURED	0.000000	0.000000	0.000000
CO2_EMISSIONS	0.000000	0.000000	0.000000
CO2_INDUSTRY	0.000000	0.000000	0.000000
COAL	0.000000	0.134976	0.000000
DIESEL	0.000000	11715.733474	0.000000
ELEC_EXPORT	0.000000	0.000000	0.000000
ELECTRICITY	0.000000	37744.078097	0.000000
GAS	0.000000	8507.242911	0.000000
GAS_RE_BE	0.000000	0.000000	0.000000
GAS_RE_IMPORT	0.000000	0.706675	0.000000
GASOLINE	0.000000	0.058678	0.000000
H2	0.000000	0.000237	0.000000
H2_RE_BE	0.000000	0.000000	0.000000
H2_RE_IMPORT	0.000000	57254.457535	0.000000
LFO	0.000000	0.244522	0.000000
LFO_RE_BE	0.000000	0.000000	0.000000
METHANOL	0.000000	16108.246542	0.000000
METHANOL_RE_BE	0.000000	0.000000	0.000000
METHANOL_RE_IMPORT	0.000000	0.040034	0.000000
RES_GEO	0.000000	0.000000	0.000000
RES_HYDRO	0.000000	0.000000	0.000000
RES_SOLAR	0.000000	0.000000	0.000000
RES_WIND	0.000000	0.000000	0.000000
URANIUM	0.000000	0.000000	0.000000
WASTE	0.000000	0.000000	0.000000
WET_BIOMASS	0.000000	89489.482717	0.000000
WOOD	0.000000	94894.207549	0.000000
WOOD_PRODUCTION	0.000000	146253.280372	0.000000
