TECHNOLOGIES	 c_inv	 c_maint	 lifetime	  f_min	 f	 f_max	 fmin_perc	f_perc	 fmax_perc	 c_p	 c_p_max	 tau	 gwp_constr
 UNITS	[M€/GW]	 [M€/GW/y]	 [y]	 [GW or GWh]	 [GW or GWh]	 [GW or GWh]	 [0-1]	 [0-1]	 [0-1]	 [0-1]	 [0-1]	 [-]	 [ktCO2-eq./GW or GWh]
NUCLEAR	0.000000	0.000000	60.000000	0.000000	0.000000	0.000000	0.000000	0.000000	1.000000	0.000000	0.849000	0.025393	0.000000
CCGT	0.000939	0.000024	25.000000	0.000000	0.000001	Infinity	0.000000	0.000000	1.000000	0.005117	0.961540	0.048263	0.000223
CCGT_AMMONIA	0.000277	0.000007	25.000000	0.000000	0.000000	Infinity	0.000000	0.000000	1.000000	0.000209	0.630000	0.048263	0.000066
COAL_US	0.000000	0.000000	35.000000	0.000000	0.000000	0.000000	0.000000	0.000000	1.000000	0.000000	0.868000	0.036934	0.000000
COAL_IGCC	0.000000	0.000000	35.000000	0.000000	0.000000	0.000000	0.000000	0.000000	1.000000	0.000000	0.856000	0.036934	0.000000
PV	32241.225160	368.197269	25.000000	0.000000	37.058879	59.200000	0.000000	0.489533	1.000000	0.115937	1.000000	0.048263	77135.463545
WIND_ONSHORE	10399.999994	120.960000	30.000000	0.000000	10.000000	10.000000	0.000000	0.255021	1.000000	0.223824	1.000000	0.041639	6228.499996
WIND_OFFSHORE	29847.779997	207.666000	30.000000	0.000000	6.000000	6.000000	0.000000	0.249394	1.000000	0.364810	1.000000	0.041639	3737.100000
HYDRO_RIVER	580.165798	5.801152	40.000000	0.000000	0.115000	0.115000	0.000000	0.006052	1.000000	0.461907	1.000000	0.033427	145.224300
GEOTHERMAL	0.000000	0.000000	30.000000	0.000000	0.000000	0.000000	0.000000	0.000000	1.000000	0.000000	0.950000	0.041639	0.000000
IND_COGEN_GAS	3410.609850	219.230825	25.000000	0.000000	2.422257	Infinity	0.000000	0.294233	1.000000	0.850000	0.850000	0.048263	2481.165800
IND_COGEN_WOOD	0.000358	0.000013	25.000000	0.000000	0.000000	Infinity	0.000000	0.000000	1.000000	0.001187	0.850000	0.048263	0.000055
IND_COGEN_WASTE	0.000260	0.000010	25.000000	0.000000	0.000000	Infinity	0.000000	0.000000	1.000000	0.000152	0.850000	0.048263	0.000058
IND_BOILER_GAS	434.818561	8.711772	17.000000	0.000000	7.383572	Infinity	0.000000	0.171936	1.000000	0.162948	0.950000	0.067080	90.965608
IND_BOILER_WOOD	0.000236	0.000005	17.000000	0.000000	0.000002	Infinity	0.000000	0.000000	1.000000	0.001254	0.900000	0.067080	0.000059
IND_BOILER_OIL	0.000226	0.000005	17.000000	0.000000	0.000004	Infinity	0.000000	0.000000	1.000000	0.001258	0.950000	0.067080	0.000051
IND_BOILER_COAL	293.968982	5.879345	17.000000	0.000000	2.552257	Infinity	0.000000	0.293523	1.000000	0.804759	0.900000	0.067080	122.967751
IND_BOILER_WASTE	282.981156	5.659590	17.000000	0.000000	2.456860	Infinity	0.000000	0.238115	1.000000	0.678193	0.900000	0.067080	70.929553
IND_DIRECT_ELEC	59.484028	0.269844	15.000000	0.000000	0.178985	Infinity	0.000000	0.002194	1.000000	0.085767	0.950000	0.074944	0.263109
DHN_HP_ELEC	1817.997836	61.646847	25.000000	0.000000	5.273227	Infinity	0.000000	0.588622	1.000000	0.596295	0.950000	0.048263	921.707396
DHN_COGEN_GAS	3509.582716	102.612716	25.000000	0.000000	2.797617	Infinity	0.000000	0.411378	1.000000	0.785514	0.850000	0.048263	1373.294298
DHN_COGEN_WOOD	0.000226	0.000008	25.000000	0.000000	0.000000	Infinity	0.000000	0.000000	1.000000	0.000319	0.850000	0.048263	0.000035
DHN_COGEN_WASTE	0.000227	0.000008	25.000000	0.000000	0.000000	Infinity	0.000000	0.000000	1.000000	0.000111	0.850000	0.048263	0.000050
DHN_COGEN_WET_BIOMASS	0.000215	0.000017	25.000000	0.000000	0.000000	Infinity	0.000000	0.000000	1.000000	0.000633	0.750000	0.048263	0.000160
DHN_COGEN_BIO_HYDROLYSIS	0.000177	0.000009	15.000000	0.000000	0.000000	Infinity	0.000000	0.000000	1.000000	0.000094	0.850000	0.074944	0.000025
DHN_BOILER_GAS	0.000045	0.000001	17.000000	0.000000	0.000001	Infinity	0.000000	0.000000	1.000000	0.000461	0.950000	0.067080	0.000009
DHN_BOILER_WOOD	0.000073	0.000001	17.000000	0.000000	0.000001	Infinity	0.000000	0.000000	1.000000	0.000388	0.900000	0.067080	0.000018
DHN_BOILER_OIL	0.000041	0.000001	17.000000	0.000000	0.000001	Infinity	0.000000	0.000000	1.000000	0.000431	0.950000	0.067080	0.000009
DHN_DEEP_GEO	0.000000	0.000000	30.000000	0.000000	0.000000	0.000000	0.000000	0.000000	1.000000	0.000000	0.850000	0.041639	0.000000
DHN_SOLAR	0.000157	0.000000	30.000000	0.000000	0.000000	Infinity	0.000000	0.000000	1.000000	0.000212	1.000000	0.041639	0.000096
DEC_HP_ELEC	8327.643184	347.218816	18.000000	0.000000	16.924728	Infinity	0.000000	0.870073	1.000000	0.449258	1.000000	0.063806	2790.718406
DEC_THHP_GAS	799.945288	23.380275	20.000000	0.000000	2.534039	Infinity	0.000000	0.129927	1.000000	0.448072	1.000000	0.058246	967.825341
DEC_COGEN_GAS	0.000549	0.000035	20.000000	0.000000	0.000000	Infinity	0.000000	0.000000	1.000000	0.001266	1.000000	0.058246	0.000399
DEC_COGEN_OIL	0.000472	0.000029	20.000000	0.000000	0.000000	Infinity	0.000000	0.000000	1.000000	0.001054	1.000000	0.058246	0.000371
DEC_ADVCOGEN_GAS	0.000772	0.000014	20.000000	0.000000	0.000000	Infinity	0.000000	0.000000	1.000000	0.000352	1.000000	0.058246	0.000234
DEC_ADVCOGEN_H2	0.000571	0.000011	20.000000	0.000000	0.000000	Infinity	0.000000	0.000000	1.000000	0.000122	1.000000	0.058246	0.000173
DEC_BOILER_GAS	0.000369	0.000011	17.000000	0.000000	0.000002	Infinity	0.000000	0.000000	1.000000	0.000714	1.000000	0.067080	0.000049
DEC_BOILER_WOOD	0.000356	0.000012	17.000000	0.000000	0.000001	Infinity	0.000000	0.000000	1.000000	0.000753	1.000000	0.067080	0.000016
DEC_BOILER_OIL	0.000285	0.000017	17.000000	0.000000	0.000002	Infinity	0.000000	0.000000	1.000000	0.000820	1.000000	0.067080	0.000042
DEC_SOLAR	0.002639	0.000029	20.000000	0.000000	0.000004	Infinity	0.000000	0.000000	1.000000	0.001795	1.000000	0.058246	0.000812
DEC_DIRECT_ELEC	0.000432	0.000002	15.000000	0.000000	0.000011	Infinity	0.000000	0.000000	1.000000	0.000298	1.000000	0.074944	0.000016
TRAMWAY_TROLLEY	4725.034459	94.500689	30.000000	0.000000	7.560055	Infinity	0.000000	0.300000	0.300000	0.342470	0.342470	0.041639	0.000000
BUS_COACH_DIESEL	0.000080	0.000004	15.000000	0.000000	0.000000	Infinity	0.000000	0.000000	1.000000	0.000387	0.296800	0.074944	0.000000
BUS_COACH_HYDIESEL	0.000074	0.000003	15.000000	0.000000	0.000000	Infinity	0.000000	0.000000	1.000000	0.000261	0.296800	0.074944	0.000000
BUS_COACH_CNG_STOICH	12438.836250	621.942943	15.000000	0.000000	20.354496	Infinity	0.000000	0.700000	1.000000	0.296800	0.296800	0.074944	0.000000
BUS_COACH_FC_HYBRIDH2	0.000052	0.000002	15.000000	0.000000	0.000000	Infinity	0.000000	0.000000	1.000000	0.000189	0.296800	0.074944	0.000000
BUS_COACH_ELECTRIC	0.000101	0.000004	15.000000	0.000000	0.000000	Infinity	0.000000	0.000000	1.000000	0.000420	0.296800	0.074944	0.000000
TRAIN_PUB	0.001214	0.000044	40.000000	0.000000	0.000001	Infinity	0.000000	0.000000	0.500000	0.002218	0.275070	0.033427	0.000000
CAR_GASOLINE	21014.500002	1200.000000	10.000000	50.000000	50.000000	Infinity	0.000000	0.297614	1.000000	0.051370	0.051370	0.108434	0.000000
CAR_DIESEL	0.000024	0.000001	10.000000	0.000000	0.000000	Infinity	0.000000	0.000000	1.000000	0.000029	0.051370	0.108434	0.000000
CAR_NG	0.000033	0.000002	10.000000	0.000000	0.000000	Infinity	0.000000	0.000000	1.000000	0.000040	0.051370	0.108434	0.000000
CAR_METHANOL	0.000031	0.000002	10.000000	0.000000	0.000000	Infinity	0.000000	0.000000	1.000000	0.000038	0.051370	0.108434	0.000000
CAR_HEV	0.000020	0.000002	10.000000	0.000000	0.000000	Infinity	0.000000	0.000000	1.000000	0.000025	0.051370	0.108434	0.000000
CAR_PHEV	0.010074	0.000751	10.000000	0.000000	0.000022	Infinity	0.000000	0.000000	1.000000	0.006685	0.051370	0.108434	0.000000
CAR_BEV	51193.174880	1180.028465	10.000000	0.000000	118.002846	Infinity	0.000000	0.702386	1.000000	0.051370	0.051370	0.108434	0.000000
CAR_FUEL_CELL	0.000012	0.000000	10.000000	0.000000	0.000000	Infinity	0.000000	0.000000	1.000000	0.000000	0.051370	0.108434	0.000000
TRAIN_FREIGHT	737.033460	14.740046	40.000000	0.000000	7.058355	Infinity	0.000000	1.000000	1.000000	0.342470	0.342470	0.033427	0.000000
BOAT_FREIGHT_DIESEL	0.000462	0.000023	40.000000	0.000000	0.000006	Infinity	0.000000	0.000000	1.000000	0.006890	0.114160	0.033427	0.000000
BOAT_FREIGHT_NG	0.000227	0.000011	40.000000	0.000000	0.000003	Infinity	0.000000	0.000000	1.000000	0.003365	0.114160	0.033427	0.000000
BOAT_FREIGHT_METHANOL	1941.018579	97.049517	40.000000	0.000000	25.409328	Infinity	0.000000	1.000000	1.000000	0.114160	0.114160	0.033427	0.000000
TRUCK_DIESEL	12617.740003	630.888889	15.000000	34.000000	34.000000	Infinity	0.000000	0.723510	1.000000	0.092590	0.092590	0.074944	0.000000
TRUCK_METHANOL	4821.884187	241.094931	15.000000	0.000000	12.993140	Infinity	0.000000	0.276490	1.000000	0.092590	0.092590	0.074944	0.000000
TRUCK_FUEL_CELL	0.000018	0.000000	15.000000	0.000000	0.000000	Infinity	0.000000	0.000000	1.000000	0.000034	0.092590	0.074944	0.000000
TRUCK_ELEC	0.000626	0.000033	15.000000	0.000000	0.000001	Infinity	0.000000	0.000000	1.000000	0.001336	0.092590	0.074944	0.000000
TRUCK_NG	0.000010	0.000000	15.000000	0.000000	0.000000	Infinity	0.000000	0.000000	1.000000	0.000024	0.092590	0.074944	0.000000
HABER_BOSCH	0.000838	0.000016	20.000000	0.000000	0.000001	Infinity	0.000000	1.000000	1.000000	0.003979	1.000000	0.058246	0.000000
SYN_METHANOLATION	0.000252	0.000007	20.000000	0.000000	0.000000	Infinity	0.000000	0.255746	1.000000	0.000237	0.950000	0.058246	0.000000
METHANE_TO_METHANOL	0.000314	0.000014	25.000000	0.000000	0.000000	Infinity	0.000000	0.557803	1.000000	0.000517	0.850000	0.048263	0.000000
BIOMASS_TO_METHANOL	0.000288	0.000004	20.000000	0.000000	0.000000	Infinity	0.000000	0.186451	1.000000	0.000173	1.000000	0.058246	0.000000
OIL_TO_HVC	0.000322	0.000002	20.000000	0.000000	0.000001	Infinity	0.000000	0.000000	1.000000	0.000525	1.000000	0.058246	0.000000
GAS_TO_HVC	0.000296	0.000007	20.000000	0.000000	0.000000	Infinity	0.000000	0.000000	1.000000	0.000319	1.000000	0.058246	0.000000
METHANOL_TO_HVC	3293.143237	296.382891	20.000000	0.000000	4.723384	Infinity	0.000000	1.000000	1.000000	1.000000	1.000000	0.058246	0.000000
ADLIBIO_TO_HVC	0.000341	0.000007	20.000000	0.000000	0.000000	Infinity	0.000000	0.000000	1.000000	0.000924	1.000000	0.058246	0.000356
PHS	294.000368	0.000000	50.000000	5.000000	5.000006	6.500000	0.000000	-1.000000	1.000000	0.020811	1.000000	0.028572	
BATT_LI	0.001557	0.000002	15.000000	0.000000	0.000005	Infinity	0.000000	-1.000000	1.000000	0.001197	1.000000	0.074944	
BEV_BATT	0.000000	0.000000	1.000000	0.000000	117.066316	Infinity	0.000000	-1.000000	1.000000	0.004371	1.000000	1.015000	
PHEV_BATT	0.000000	0.000000	1.000000	0.000000	0.000004	Infinity	0.000000	-1.000000	1.000000	0.000326	1.000000	1.015000	
TS_DEC_DIRECT_ELEC	0.001072	0.000008	20.000000	0.000000	0.000057	Infinity	0.000000	-1.000000	1.000000	0.000342	1.000000	0.058246	
TS_DEC_HP_ELEC	981.577014	6.871696	20.000000	0.000000	51.743649	Infinity	0.000000	-1.000000	1.000000	0.028889	1.000000	0.058246	
TS_DEC_THHP_GAS	80.911885	0.566437	20.000000	0.000000	4.265255	Infinity	0.000000	-1.000000	1.000000	0.045201	1.000000	0.058246	
TS_DEC_COGEN_GAS	0.001070	0.000007	20.000000	0.000000	0.000056	Infinity	0.000000	-1.000000	1.000000	0.000396	1.000000	0.058246	
TS_DEC_COGEN_OIL	0.001042	0.000007	20.000000	0.000000	0.000055	Infinity	0.000000	-1.000000	1.000000	0.000412	1.000000	0.058246	
TS_DEC_ADVCOGEN_GAS	0.001070	0.000007	20.000000	0.000000	0.000056	Infinity	0.000000	-1.000000	1.000000	0.000318	1.000000	0.058246	
TS_DEC_ADVCOGEN_H2	0.001065	0.000007	20.000000	0.000000	0.000056	Infinity	0.000000	-1.000000	1.000000	0.000250	1.000000	0.058246	
TS_DEC_BOILER_GAS	0.001069	0.000007	20.000000	0.000000	0.000056	Infinity	0.000000	-1.000000	1.000000	0.000381	1.000000	0.058246	
TS_DEC_BOILER_WOOD	0.001068	0.000007	20.000000	0.000000	0.000056	Infinity	0.000000	-1.000000	1.000000	0.000382	1.000000	0.058246	
TS_DEC_BOILER_OIL	0.001069	0.000007	20.000000	0.000000	0.000056	Infinity	0.000000	-1.000000	1.000000	0.000410	1.000000	0.058246	
TS_DHN_DAILY	0.002091	0.000006	40.000000	0.000000	0.000697	Infinity	0.000000	-1.000000	1.000000	0.001098	1.000000	0.033427	
TS_DHN_SEASONAL	324.899797	1.779929	25.000000	0.000000	601.666290	Infinity	0.000000	-1.000000	1.000000	0.001475	1.000000	0.048263	
TS_HIGH_TEMP	79.320351	0.848951	25.000000	0.000000	2.829838	Infinity	0.000000	-1.000000	1.000000	0.042885	1.000000	0.048263	
GAS_STORAGE	39.681569	1.038994	50.000000	0.000000	793.631374	Infinity	0.000000	-1.000000	1.000000	0.000270	1.000000	0.028572	
H2_STORAGE	1.317271	0.082994	20.000000	0.000000	0.212806	Infinity	0.000000	-1.000000	1.000000	0.010532	1.000000	0.058246	
DIESEL_STORAGE	0.018870	0.000749	20.000000	0.000000	1.886958	Infinity	0.000000	-1.000000	1.000000	0.000018	1.000000	0.058246	
GASOLINE_STORAGE	3.284798	0.130406	20.000000	0.000000	328.479759	Infinity	0.000000	-1.000000	1.000000	0.001317	1.000000	0.058246	
LFO_STORAGE	0.028269	0.001122	20.000000	0.000000	2.826923	Infinity	0.000000	-1.000000	1.000000	0.000000	1.000000	0.058246	
AMMONIA_STORAGE	0.000032	0.000001	20.000000	0.000000	0.003158	Infinity	0.000000	-1.000000	1.000000	0.000053	1.000000	0.058246	
METHANOL_STORAGE	0.000001	0.000000	20.000000	0.000000	0.000138	Infinity	0.000000	-1.000000	1.000000	0.000002	1.000000	0.058246	
CO2_STORAGE	0.020568	0.000206	30.000000	0.000000	0.000416	Infinity	0.000000	-1.000000	1.000000	0.000004	1.000000	0.041639	
ADLIBIO_TO_FUEL	986.060774	18.005104	20.000000	0.000000	1.406649	Infinity	0.000000	-1.000000	1.000000	0.907142	1.000000	0.058246	
AMMONIA_TO_H2	0.000149	0.000014	25.000000	0.000000	0.000000	Infinity	0.000000	-1.000000	1.000000	0.000222	0.860000	0.048263	
ATM_CCS	0.000376	0.000009	40.000000	0.000000	0.000000	Infinity	0.000000	-1.000000	1.000000	0.000059	1.000000	0.033427	
BIO_HYDROLYSIS	3517.906126	239.853107	15.000000	0.000000	2.209865	Infinity	0.000000	-1.000000	1.000000	0.850000	0.850000	0.074944	
BIOMETHANATION	0.005824	0.000081	20.000000	0.000000	0.000006	Infinity	0.000000	-1.000000	1.000000	0.035211	0.850000	0.058246	
DHN	6665.551777	0.000000	60.000000	0.000000	8.070848	Infinity	0.000000	-1.000000	1.000000	0.000000	1.000000	0.025393	
EFFICIENCY	5517.241379	0.000000	1.000000	0.000000	0.985222	Infinity	0.000000	-1.000000	1.000000	0.000000	1.000000	1.015000	
GASIFICATION_SNG	0.000217	0.000015	25.000000	0.000000	0.000000	Infinity	0.000000	-1.000000	1.000000	0.000292	0.850000	0.048263	
GRID	94434.115875	0.000000	80.000000	0.000000	1.260482	Infinity	0.000000	-1.000000	1.000000	0.000000	1.000000	0.021548	
H2_BIOMASS	682.207837	48.060743	25.000000	0.000000	0.270140	Infinity	0.000000	-1.000000	1.000000	0.860000	0.860000	0.048263	
H2_ELECTROLYSIS	0.000534	0.000015	15.000000	0.000000	0.000001	Infinity	0.000000	-1.000000	1.000000	0.001064	0.900000	0.074944	
INDUSTRY_CCS	0.000335	0.000008	40.000000	0.000000	0.000000	Infinity	0.000000	-1.000000	1.000000	0.000091	1.000000	0.033427	
REDIFUEL	0.000233	0.000006	20.000000	0.000000	0.000000	Infinity	0.000000	-1.000000	1.000000	0.000069	1.000000	0.058246	
SMR	508.934454	46.965229	25.000000	0.000000	0.747071	Infinity	0.000000	-1.000000	1.000000	0.860000	0.860000	0.048263	
SYN_METHANATION	0.000072	0.000018	40.000000	0.000000	0.000000	Infinity	0.000000	-1.000000	1.000000	0.000388	1.000000	0.033427	