Name	Crit_1_tech	Crit_1_res	Crit_1_op
NUCLEAR	0.000000	0.000000	0.000000
CCGT	0.000000	0.000000	0.000001
CCGT_AMMONIA	0.000000	0.000000	0.000000
COAL_US	0.000000	0.000000	0.000000
COAL_IGCC	0.000000	0.000000	0.000000
PV	6.858941	0.000000	0.000000
WIND_ONSHORE	0.950742	0.000000	0.012156
WIND_OFFSHORE	0.888574	0.000000	0.017199
HYDRO_RIVER	0.016843	0.000000	0.000055
GEOTHERMAL	0.000000	0.000000	0.000000
IND_COGEN_GAS	0.292376	0.000000	6.275615
IND_COGEN_WOOD	0.000000	0.000000	0.000001
IND_COGEN_WASTE	0.000000	0.000000	0.000000
IND_BOILER_GAS	0.017701	0.000000	0.675580
IND_BOILER_WOOD	0.000000	0.000000	0.000000
IND_BOILER_OIL	0.000000	0.000000	0.000000
IND_BOILER_COAL	0.122311	0.000000	63.455477
IND_BOILER_WASTE	0.081777	0.000000	1.031947
IND_DIRECT_ELEC	0.000085	0.000000	0.000000
DHN_HP_ELEC	0.273384	0.000000	0.011707
DHN_COGEN_GAS	0.276026	0.000000	6.698222
DHN_COGEN_WOOD	0.000000	0.000000	0.000000
DHN_COGEN_WASTE	0.000000	0.000000	0.000000
DHN_COGEN_WET_BIOMASS	0.000000	0.000000	0.000000
DHN_COGEN_BIO_HYDROLYSIS	0.000000	0.000000	0.000000
DHN_BOILER_GAS	0.000000	0.000000	0.000000
DHN_BOILER_WOOD	0.000000	0.000000	0.000000
DHN_BOILER_OIL	0.000000	0.000000	0.000000
DHN_DEEP_GEO	0.000000	0.000000	0.000000
DHN_SOLAR	0.000001	0.000000	0.000000
DEC_HP_ELEC	1.218669	0.000000	0.037700
DEC_THHP_GAS	0.481301	0.000000	0.177046
DEC_COGEN_GAS	0.000000	0.000000	0.000000
DEC_COGEN_OIL	0.000000	0.000000	0.000005
DEC_ADVCOGEN_GAS	0.000000	0.000000	0.000000
DEC_ADVCOGEN_H2	0.000000	0.000000	0.000000
DEC_BOILER_GAS	0.000000	0.000000	0.000000
DEC_BOILER_WOOD	0.000000	0.000000	0.000000
DEC_BOILER_OIL	0.000000	0.000000	0.000000
DEC_SOLAR	0.000008	0.000000	0.000000
DEC_DIRECT_ELEC	0.000000	0.000000	0.000000
TRAMWAY_TROLLEY	0.086738	0.000000	0.000000
BUS_COACH_DIESEL	0.000000	0.000000	0.000000
BUS_COACH_HYDIESEL	0.000000	0.000000	0.000000
BUS_COACH_CNG_STOICH	2.245288	0.000000	4.429491
BUS_COACH_FC_HYBRIDH2	0.000000	0.000000	0.000000
BUS_COACH_ELECTRIC	0.000000	0.000000	0.000000
TRAIN_PUB	0.000000	0.000000	0.000000
CAR_GASOLINE	5.735310	0.000000	1.869755
CAR_DIESEL	0.000000	0.000000	0.000000
CAR_NG	0.000000	0.000000	0.000000
CAR_METHANOL	0.000000	0.000000	0.000000
CAR_HEV	0.000000	0.000000	0.000000
CAR_PHEV	0.000004	0.000000	0.000000
CAR_BEV	29.637033	0.000000	1.385947
CAR_FUEL_CELL	0.000000	0.000000	0.000000
TRAIN_FREIGHT	0.192910	0.000000	0.597144
BOAT_FREIGHT_DIESEL	0.000000	0.000000	0.000002
BOAT_FREIGHT_NG	0.000000	0.000000	0.000000
BOAT_FREIGHT_METHANOL	0.153782	0.000000	9.991287
TRUCK_DIESEL	3.888112	0.000000	7.838654
TRUCK_METHANOL	1.462103	0.000000	3.434493
TRUCK_FUEL_CELL	0.000000	0.000000	0.000000
TRUCK_ELEC	0.000000	0.000000	0.000000
TRUCK_NG	0.000000	0.000000	0.000000
HABER_BOSCH	0.000002	0.000000	0.000001
SYN_METHANOLATION	0.000000	0.000000	0.000000
METHANE_TO_METHANOL	0.000000	0.000000	0.000000
BIOMASS_TO_METHANOL	0.000000	0.000000	0.000000
OIL_TO_HVC	0.000001	0.000000	0.000000
GAS_TO_HVC	0.000000	0.000000	0.000000
METHANOL_TO_HVC	3.751254	0.000000	0.000000
ADLIBIO_TO_HVC	0.000000	0.000000	0.000000
PHS	2.615627	0.000000	0.000000
BATT_LI	0.000000	0.000000	0.000000
BEV_BATT	0.000000	0.000000	0.000000
PHEV_BATT	0.000006	0.000000	0.000000
TS_DEC_DIRECT_ELEC	0.000000	0.000000	0.000000
TS_DEC_HP_ELEC	0.091216	0.000000	0.000000
TS_DEC_THHP_GAS	0.007519	0.000000	0.000000
TS_DEC_COGEN_GAS	0.000000	0.000000	0.000000
TS_DEC_COGEN_OIL	0.000000	0.000000	0.000000
TS_DEC_ADVCOGEN_GAS	0.000000	0.000000	0.000000
TS_DEC_ADVCOGEN_H2	0.000000	0.000000	0.000000
TS_DEC_BOILER_GAS	0.000000	0.000000	0.000000
TS_DEC_BOILER_WOOD	0.000000	0.000000	0.000000
TS_DEC_BOILER_OIL	0.000000	0.000000	0.000000
TS_DHN_DAILY	0.000001	0.000000	0.000000
TS_DHN_SEASONAL	0.848512	0.000000	0.000000
TS_HIGH_TEMP	0.003991	0.000000	0.000000
GAS_STORAGE	3.319622	0.000000	0.000000
H2_STORAGE	0.000875	0.000000	0.000000
DIESEL_STORAGE	0.000050	0.000000	0.000000
GASOLINE_STORAGE	0.008982	0.000000	0.000000
LFO_STORAGE	0.000061	0.000000	0.000000
AMMONIA_STORAGE	0.000083	0.000000	0.000000
METHANOL_STORAGE	0.000262	0.000000	0.000000
CO2_STORAGE	0.000001	0.000000	0.000000
ADLIBIO_TO_FUEL	1.166141	0.000000	1.257215
AMMONIA_TO_H2	0.000000	0.000000	0.000000
ATM_CCS	0.000000	0.000000	0.000000
BIO_HYDROLYSIS	0.120013	0.000000	5.533733
BIOMETHANATION	0.000003	0.000000	0.000003
DHN	0.000000	0.000000	0.000000
EFFICIENCY	0.000000	0.000000	0.000000
GASIFICATION_SNG	0.000000	0.000000	0.000000
GRID	1.682187	0.000000	0.000000
H2_BIOMASS	0.008802	0.000000	0.006777
H2_ELECTROLYSIS	0.000000	0.000000	0.000000
INDUSTRY_CCS	0.000000	0.000000	0.000000
REDIFUEL	0.000000	0.000000	0.000000
SMR	0.000000	0.000000	0.168281
SYN_METHANATION	0.000000	0.000000	0.000000
AMMONIA	0.000000	0.000000	0.000000
AMMONIA_RE_BE	0.000000	0.000000	0.000000
AMMONIA_RE_IMPORT	0.000000	28.020289	0.000000
BIODIESEL	0.000000	0.000000	0.000000
BIODIESEL_BE	0.000000	0.000000	0.000000
BIOETHANOL	0.000000	0.000001	0.000000
CO2_ATM	0.000000	0.000000	0.000000
CO2_CAPTURED	0.000000	0.000000	0.000000
CO2_EMISSIONS	0.000000	0.000000	0.000000
CO2_INDUSTRY	0.000000	0.000000	0.000000
COAL	0.000000	8.118231	0.000000
DIESEL	0.000000	6.865390	0.000000
ELEC_EXPORT	0.000000	0.000000	0.000000
ELECTRICITY	0.000000	6.094113	0.000000
GAS	0.000000	12.463889	0.000000
GAS_RE_BE	0.000000	0.000000	0.000000
GAS_RE_IMPORT	0.000000	0.000000	0.000000
GASOLINE	0.000000	0.000001	0.000000
H2	0.000000	0.000000	0.000000
H2_RE_BE	0.000000	0.000000	0.000000
H2_RE_IMPORT	0.000000	0.000000	0.000000
LFO	0.000000	0.000003	0.000000
LFO_RE_BE	0.000000	0.000000	0.000000
METHANOL	0.000000	18.565307	0.000000
METHANOL_RE_BE	0.000000	0.000000	0.000000
METHANOL_RE_IMPORT	0.000000	0.000000	0.000000
RES_GEO	0.000000	0.000000	0.000000
RES_HYDRO	0.000000	0.000000	0.000000
RES_SOLAR	0.000000	0.000000	0.000000
RES_WIND	0.000000	0.000000	0.000000
URANIUM	0.000000	0.000000	0.000000
WASTE	0.000000	0.000000	0.000000
WET_BIOMASS	0.000000	9.798715	0.000000
WOOD	0.000000	3.876584	0.000000
WOOD_PRODUCTION	0.000000	0.000000	0.000000
