TECHNOLOGIES	 c_inv	 c_maint	 lifetime	  f_min	 f	 f_max	 fmin_perc	f_perc	 fmax_perc	 c_p	 c_p_max	 tau	 gwp_constr
 UNITS	[M€/GW]	 [M€/GW/y]	 [y]	 [GW or GWh]	 [GW or GWh]	 [GW or GWh]	 [0-1]	 [0-1]	 [0-1]	 [0-1]	 [0-1]	 [-]	 [ktCO2-eq./GW or GWh]
NUCLEAR	0.000000	0.000000	60.000000	0.000000	0.000000	0.000000	0.000000	0.000000	1.000000	0.000000	0.849000	0.025393	0.000000
CCGT	0.000930	0.000024	25.000000	0.000000	0.000001	Infinity	0.000000	0.000000	1.000000	0.002865	0.961540	0.048263	0.000226
CCGT_AMMONIA	0.000563	0.000014	25.000000	0.000000	0.000001	Infinity	0.000000	0.000000	1.000000	0.000928	0.630000	0.048263	0.000137
COAL_US	0.000000	0.000000	35.000000	0.000000	0.000000	0.000000	0.000000	0.000000	1.000000	0.000000	0.868000	0.036934	0.000000
COAL_IGCC	0.000000	0.000000	35.000000	0.000000	0.000000	0.000000	0.000000	0.000000	1.000000	0.000000	0.856000	0.036934	0.000000
PV	42367.519449	483.838445	25.000000	0.000000	59.174993	59.200000	0.000000	0.607391	1.000000	0.115879	1.000000	0.048263	123168.604840
WIND_ONSHORE	9992.200000	116.216471	30.000000	0.000000	10.000000	10.000000	0.000000	0.196509	1.000000	0.221848	1.000000	0.041639	6228.500000
WIND_OFFSHORE	28562.039988	198.720388	30.000000	0.000000	6.000000	6.000000	0.000000	0.191474	1.000000	0.360272	1.000000	0.041639	3737.099998
HYDRO_RIVER	580.165798	5.801152	40.000000	0.000000	0.115000	0.115000	0.000000	0.004627	1.000000	0.454202	1.000000	0.033427	145.224300
GEOTHERMAL	0.000000	0.000000	30.000000	0.000000	0.000000	0.000000	0.000000	0.000000	1.000000	0.000000	0.950000	0.041639	0.000000
IND_COGEN_GAS	6315.499222	405.954479	25.000000	0.000000	4.704142	Infinity	0.000000	0.609209	1.000000	0.795882	0.850000	0.048263	4818.547055
IND_COGEN_WOOD	0.000866	0.000032	25.000000	0.000000	0.000001	Infinity	0.000000	0.000000	1.000000	0.003838	0.850000	0.048263	0.000139
IND_COGEN_WASTE	0.000410	0.000015	25.000000	0.000000	0.000000	Infinity	0.000000	0.000000	1.000000	0.000111	0.850000	0.048263	0.000097
IND_BOILER_GAS	412.239747	8.259396	17.000000	0.000000	7.000166	Infinity	0.000000	0.189992	1.000000	0.166798	0.950000	0.067080	86.242039
IND_BOILER_WOOD	0.000571	0.000011	17.000000	0.000000	0.000005	Infinity	0.000000	0.000000	1.000000	0.001936	0.900000	0.067080	0.000143
IND_BOILER_OIL	0.000483	0.000010	17.000000	0.000000	0.000009	Infinity	0.000000	0.000000	1.000000	0.001697	0.950000	0.067080	0.000109
IND_BOILER_COAL	0.000560	0.000011	17.000000	0.000000	0.000005	Infinity	0.000000	0.000000	1.000000	0.002252	0.900000	0.067080	0.000234
IND_BOILER_WASTE	165.224989	3.304480	17.000000	0.000000	1.434494	Infinity	0.000000	0.126641	1.000000	0.542548	0.900000	0.067080	41.413834
IND_DIRECT_ELEC	1135.702190	5.152015	15.000000	0.000000	3.417290	Infinity	0.000000	0.074158	1.000000	0.133365	0.950000	0.074944	5.023416
DHN_HP_ELEC	2601.891228	88.228723	25.000000	0.000000	7.962454	Infinity	0.000000	0.999999	1.000000	0.641235	0.950000	0.048263	1391.757407
DHN_COGEN_GAS	0.004729	0.000138	25.000000	0.000000	0.000004	Infinity	0.000000	0.000000	1.000000	0.023159	0.850000	0.048263	0.001941
DHN_COGEN_WOOD	0.000354	0.000013	25.000000	0.000000	0.000000	Infinity	0.000000	0.000000	1.000000	0.000384	0.850000	0.048263	0.000057
DHN_COGEN_WASTE	0.000342	0.000013	25.000000	0.000000	0.000000	Infinity	0.000000	0.000000	1.000000	0.000092	0.850000	0.048263	0.000081
DHN_COGEN_WET_BIOMASS	0.000241	0.000020	25.000000	0.000000	0.000000	Infinity	0.000000	0.000000	1.000000	0.000258	0.750000	0.048263	0.000188
DHN_COGEN_BIO_HYDROLYSIS	0.000244	0.000012	15.000000	0.000000	0.000000	Infinity	0.000000	0.000000	1.000000	0.000056	0.850000	0.074944	0.000037
DHN_BOILER_GAS	0.000087	0.000002	17.000000	0.000000	0.000001	Infinity	0.000000	0.000000	1.000000	0.001055	0.950000	0.067080	0.000018
DHN_BOILER_WOOD	0.000128	0.000003	17.000000	0.000000	0.000001	Infinity	0.000000	0.000000	1.000000	0.000429	0.900000	0.067080	0.000032
DHN_BOILER_OIL	0.000070	0.000002	17.000000	0.000000	0.000001	Infinity	0.000000	0.000000	1.000000	0.000396	0.950000	0.067080	0.000016
DHN_DEEP_GEO	0.000000	0.000000	30.000000	0.000000	0.000000	0.000000	0.000000	0.000000	1.000000	0.000000	0.850000	0.041639	0.000000
DHN_SOLAR	0.000155	0.000000	30.000000	0.000000	0.000000	Infinity	0.000000	0.000000	1.000000	0.000199	1.000000	0.041639	0.000097
DEC_HP_ELEC	8408.980528	350.608913	18.000000	0.000000	18.030706	Infinity	0.000000	0.949807	1.000000	0.450119	1.000000	0.063806	2973.083173
DEC_THHP_GAS	0.001963	0.000057	20.000000	0.000000	0.000007	Infinity	0.000000	0.000000	1.000000	0.024416	1.000000	0.058246	0.002505
DEC_COGEN_GAS	0.000750	0.000048	20.000000	0.000000	0.000001	Infinity	0.000000	0.000000	1.000000	0.001438	1.000000	0.058246	0.000572
DEC_COGEN_OIL	0.000592	0.000036	20.000000	0.000000	0.000000	Infinity	0.000000	0.000000	1.000000	0.000535	1.000000	0.058246	0.000487
DEC_ADVCOGEN_GAS	0.001253	0.000023	20.000000	0.000000	0.000000	Infinity	0.000000	0.000000	1.000000	0.000601	1.000000	0.058246	0.000445
DEC_ADVCOGEN_H2	5864.225868	109.287484	20.000000	0.000000	0.948531	Infinity	0.000000	0.050193	1.000000	0.452163	1.000000	0.058246	2080.555094
DEC_BOILER_GAS	0.000640	0.000019	17.000000	0.000000	0.000004	Infinity	0.000000	0.000000	1.000000	0.000715	1.000000	0.067080	0.000085
DEC_BOILER_WOOD	0.000631	0.000022	17.000000	0.000000	0.000001	Infinity	0.000000	0.000000	1.000000	0.000642	1.000000	0.067080	0.000029
DEC_BOILER_OIL	0.000491	0.000029	17.000000	0.000000	0.000003	Infinity	0.000000	0.000000	1.000000	0.000585	1.000000	0.067080	0.000073
DEC_SOLAR	0.005919	0.000066	20.000000	0.000000	0.000008	Infinity	0.000000	0.000000	1.000000	0.002921	1.000000	0.058246	0.001874
DEC_DIRECT_ELEC	0.000686	0.000003	15.000000	0.000000	0.000018	Infinity	0.000000	0.000000	1.000000	0.000443	1.000000	0.074944	0.000026
TRAMWAY_TROLLEY	4892.983452	97.859669	30.000000	0.000000	7.828774	Infinity	0.000000	0.300000	0.300000	0.342470	0.342470	0.041639	0.000000
BUS_COACH_DIESEL	0.000036	0.000002	15.000000	0.000000	0.000000	Infinity	0.000000	0.000000	1.000000	0.000158	0.296800	0.074944	0.000000
BUS_COACH_HYDIESEL	0.000049	0.000002	15.000000	0.000000	0.000000	Infinity	0.000000	0.000000	1.000000	0.000167	0.296800	0.074944	0.000000
BUS_COACH_CNG_STOICH	0.000121	0.000006	15.000000	0.000000	0.000000	Infinity	0.000000	0.000000	1.000000	0.000570	0.296800	0.074944	0.000000
BUS_COACH_FC_HYBRIDH2	4691.055010	188.196306	15.000000	0.000000	6.022282	Infinity	0.000000	0.200000	1.000000	0.296800	0.296800	0.074944	0.000000
BUS_COACH_ELECTRIC	0.000153	0.000007	15.000000	0.000000	0.000000	Infinity	0.000000	0.000000	1.000000	0.000645	0.296800	0.074944	0.000000
TRAIN_PUB	24465.411452	882.964619	40.000000	0.000000	16.245077	Infinity	0.000000	0.500000	0.500000	0.275070	0.275070	0.033427	0.000000
CAR_GASOLINE	0.000000	0.000000	10.000000	0.000000	0.000000	0.000000	0.000000	0.000000	1.000000	0.000000	0.051370	0.108434	0.000000
CAR_DIESEL	0.000030	0.000002	10.000000	0.000000	0.000000	Infinity	0.000000	0.000000	1.000000	0.000033	0.051370	0.108434	0.000000
CAR_NG	0.000046	0.000003	10.000000	0.000000	0.000000	Infinity	0.000000	0.000000	1.000000	0.000053	0.051370	0.108434	0.000000
CAR_METHANOL	0.000039	0.000002	10.000000	0.000000	0.000000	Infinity	0.000000	0.000000	1.000000	0.000046	0.051370	0.108434	0.000000
CAR_HEV	0.000049	0.000004	10.000000	0.000000	0.000000	Infinity	0.000000	0.000000	1.000000	0.000056	0.051370	0.108434	0.000000
CAR_PHEV	0.016654	0.001235	10.000000	0.000000	0.000036	Infinity	0.000000	0.000000	1.000000	0.010930	0.051370	0.108434	0.000000
CAR_BEV	72794.375953	1739.744179	10.000000	0.000000	173.974418	Infinity	0.000000	1.000000	1.000000	0.051370	0.051370	0.108434	0.000000
CAR_FUEL_CELL	0.000083	0.000001	10.000000	0.000000	0.000000	Infinity	0.000000	0.000000	1.000000	0.000071	0.051370	0.108434	0.000000
TRAIN_FREIGHT	783.484889	15.669035	40.000000	0.000000	7.503207	Infinity	0.000000	1.000000	1.000000	0.342470	0.342470	0.033427	0.000000
BOAT_FREIGHT_DIESEL	0.000199	0.000010	40.000000	0.000000	0.000003	Infinity	0.000000	0.000000	1.000000	0.002909	0.114160	0.033427	0.000000
BOAT_FREIGHT_NG	0.000020	0.000001	40.000000	0.000000	0.000000	Infinity	0.000000	0.000000	1.000000	0.000273	0.114160	0.033427	0.000000
BOAT_FREIGHT_METHANOL	2107.108932	103.166075	40.000000	0.000000	27.010754	Infinity	0.000000	1.000000	1.000000	0.114160	0.114160	0.033427	0.000000
TRUCK_DIESEL	4169.110001	204.111111	15.000000	11.000000	11.000000	Infinity	0.000000	0.220199	1.000000	0.092590	0.092590	0.074944	0.000000
TRUCK_METHANOL	0.000009	0.000000	15.000000	0.000000	0.000000	Infinity	0.000000	0.000000	1.000000	0.000021	0.092590	0.074944	0.000000
TRUCK_FUEL_CELL	18426.967000	470.055515	15.000000	0.000000	38.954877	Infinity	0.000000	0.779801	1.000000	0.092590	0.092590	0.074944	0.000000
TRUCK_ELEC	0.000218	0.000012	15.000000	0.000000	0.000001	Infinity	0.000000	0.000000	1.000000	0.000463	0.092590	0.074944	0.000000
TRUCK_NG	0.000006	0.000000	15.000000	0.000000	0.000000	Infinity	0.000000	0.000000	1.000000	0.000013	0.092590	0.074944	0.000000
HABER_BOSCH	953.297267	18.638267	20.000000	0.000000	1.184632	Infinity	0.000000	1.000000	1.000000	0.683344	1.000000	0.058246	0.000000
SYN_METHANOLATION	0.000328	0.000009	20.000000	0.000000	0.000000	Infinity	0.000000	0.020777	1.000000	0.000628	0.950000	0.058246	0.000000
METHANE_TO_METHANOL	0.012021	0.000526	25.000000	0.000000	0.000018	Infinity	0.000000	0.968963	1.000000	0.029281	0.850000	0.048263	0.000000
BIOMASS_TO_METHANOL	0.000450	0.000007	20.000000	0.000000	0.000000	Infinity	0.000000	0.010260	1.000000	0.000310	1.000000	0.058246	0.000000
OIL_TO_HVC	0.000735	0.000004	20.000000	0.000000	0.000002	Infinity	0.000000	0.000000	1.000000	0.000699	1.000000	0.058246	0.000000
GAS_TO_HVC	102.020549	2.550499	20.000000	0.000000	0.134629	Infinity	0.000000	0.002226	1.000000	0.079465	1.000000	0.058246	0.000000
METHANOL_TO_HVC	1801.861976	162.167089	20.000000	0.000000	2.720202	Infinity	0.000000	0.565954	1.000000	1.000000	1.000000	0.058246	0.000000
ADLIBIO_TO_HVC	1844.201679	40.263679	20.000000	0.000000	2.086201	Infinity	0.000000	0.431820	1.000000	0.994872	1.000000	0.058246	1981.265085
PHS	294.000044	0.000000	50.000000	5.000000	5.000001	6.500000	0.000000	-1.000000	1.000000	0.019895	1.000000	0.028572	
BATT_LI	1388.718462	2.147039	15.000000	0.000000	6.770934	Infinity	0.000000	-1.000000	1.000000	0.022012	1.000000	0.074944	
BEV_BATT	0.000000	0.000000	1.000000	0.000000	172.593669	Infinity	0.000000	-1.000000	1.000000	0.003991	1.000000	1.015000	
PHEV_BATT	0.000000	0.000000	1.000000	0.000000	0.000007	Infinity	0.000000	-1.000000	1.000000	0.000511	1.000000	1.015000	
TS_DEC_DIRECT_ELEC	0.001780	0.000012	20.000000	0.000000	0.000094	Infinity	0.000000	-1.000000	1.000000	0.000585	1.000000	0.058246	
TS_DEC_HP_ELEC	1124.306308	7.870897	20.000000	0.000000	59.267597	Infinity	0.000000	-1.000000	1.000000	0.031025	1.000000	0.058246	
TS_DEC_THHP_GAS	0.001809	0.000013	20.000000	0.000000	0.000095	Infinity	0.000000	-1.000000	1.000000	0.007065	1.000000	0.058246	
TS_DEC_COGEN_GAS	0.001772	0.000012	20.000000	0.000000	0.000093	Infinity	0.000000	-1.000000	1.000000	0.000531	1.000000	0.058246	
TS_DEC_COGEN_OIL	0.001760	0.000012	20.000000	0.000000	0.000093	Infinity	0.000000	-1.000000	1.000000	0.000373	1.000000	0.058246	
TS_DEC_ADVCOGEN_GAS	0.001769	0.000012	20.000000	0.000000	0.000093	Infinity	0.000000	-1.000000	1.000000	0.000402	1.000000	0.058246	
TS_DEC_ADVCOGEN_H2	49.269032	0.344916	20.000000	0.000000	2.597208	Infinity	0.000000	-1.000000	1.000000	0.025912	1.000000	0.058246	
TS_DEC_BOILER_GAS	0.001774	0.000012	20.000000	0.000000	0.000094	Infinity	0.000000	-1.000000	1.000000	0.000527	1.000000	0.058246	
TS_DEC_BOILER_WOOD	0.001768	0.000012	20.000000	0.000000	0.000093	Infinity	0.000000	-1.000000	1.000000	0.000414	1.000000	0.058246	
TS_DEC_BOILER_OIL	0.001768	0.000012	20.000000	0.000000	0.000093	Infinity	0.000000	-1.000000	1.000000	0.000412	1.000000	0.058246	
TS_DHN_DAILY	0.003641	0.000010	40.000000	0.000000	0.001214	Infinity	0.000000	-1.000000	1.000000	0.000889	1.000000	0.033427	
TS_DHN_SEASONAL	526.064040	2.908527	25.000000	0.000000	1011.661615	Infinity	0.000000	-1.000000	1.000000	0.001525	1.000000	0.048263	
TS_HIGH_TEMP	1045.910274	11.194188	25.000000	0.000000	37.313959	Infinity	0.000000	-1.000000	1.000000	0.015161	1.000000	0.048263	
GAS_STORAGE	0.002076	0.000054	50.000000	0.000000	0.041515	Infinity	0.000000	-1.000000	1.000000	0.000142	1.000000	0.028572	
H2_STORAGE	32.195840	2.028494	20.000000	0.000000	5.201267	Infinity	0.000000	-1.000000	1.000000	0.014702	1.000000	0.058246	
DIESEL_STORAGE	0.011298	0.000449	20.000000	0.000000	1.129850	Infinity	0.000000	-1.000000	1.000000	0.000006	1.000000	0.058246	
GASOLINE_STORAGE	0.010390	0.000412	20.000000	0.000000	1.039024	Infinity	0.000000	-1.000000	1.000000	0.000000	1.000000	0.058246	
LFO_STORAGE	0.012535	0.000498	20.000000	0.000000	1.253533	Infinity	0.000000	-1.000000	1.000000	0.000000	1.000000	0.058246	
AMMONIA_STORAGE	0.000019	0.000001	20.000000	0.000000	0.001933	Infinity	0.000000	-1.000000	1.000000	0.000179	1.000000	0.058246	
METHANOL_STORAGE	0.000001	0.000000	20.000000	0.000000	0.000083	Infinity	0.000000	-1.000000	1.000000	0.000048	1.000000	0.058246	
CO2_STORAGE	0.031022	0.000310	30.000000	0.000000	0.000627	Infinity	0.000000	-1.000000	1.000000	0.000056	1.000000	0.041639	
ADLIBIO_TO_FUEL	0.000453	0.000008	20.000000	0.000000	0.000001	Infinity	0.000000	-1.000000	1.000000	0.000502	1.000000	0.058246	
AMMONIA_TO_H2	0.000335	0.000031	25.000000	0.000000	0.000001	Infinity	0.000000	-1.000000	1.000000	0.000362	0.860000	0.048263	
ATM_CCS	0.001100	0.000027	40.000000	0.000000	0.000000	Infinity	0.000000	-1.000000	1.000000	0.000577	1.000000	0.033427	
BIO_HYDROLYSIS	4048.223549	276.009932	15.000000	0.000000	2.676600	Infinity	0.000000	-1.000000	1.000000	0.701781	0.850000	0.074944	
BIOMETHANATION	0.000709	0.000010	20.000000	0.000000	0.000001	Infinity	0.000000	-1.000000	1.000000	0.002593	0.850000	0.058246	
DHN	6707.183353	0.000000	60.000000	0.000000	8.121257	Infinity	0.000000	-1.000000	1.000000	0.000000	1.000000	0.025393	
EFFICIENCY	5517.241379	0.000000	1.000000	0.000000	0.985222	Infinity	0.000000	-1.000000	1.000000	0.000000	1.000000	1.015000	
GASIFICATION_SNG	0.000361	0.000025	25.000000	0.000000	0.000000	Infinity	0.000000	-1.000000	1.000000	0.000531	0.850000	0.048263	
GRID	102568.422276	0.000000	80.000000	0.000000	1.369056	Infinity	0.000000	-1.000000	1.000000	0.000000	1.000000	0.021548	
H2_BIOMASS	4713.727108	332.076883	25.000000	0.000000	2.333170	Infinity	0.000000	-1.000000	1.000000	0.860000	0.860000	0.048263	
H2_ELECTROLYSIS	0.066268	0.001822	15.000000	0.000000	0.000116	Infinity	0.000000	-1.000000	1.000000	0.113948	0.900000	0.074944	
INDUSTRY_CCS	0.000553	0.000014	40.000000	0.000000	0.000000	Infinity	0.000000	-1.000000	1.000000	0.000261	1.000000	0.033427	
REDIFUEL	0.000590	0.000016	20.000000	0.000000	0.000000	Infinity	0.000000	-1.000000	1.000000	0.000102	1.000000	0.058246	
SMR	0.000578	0.000053	25.000000	0.000000	0.000001	Infinity	0.000000	-1.000000	1.000000	0.001179	0.860000	0.048263	
SYN_METHANATION	0.000184	0.000047	40.000000	0.000000	0.000001	Infinity	0.000000	-1.000000	1.000000	0.003287	1.000000	0.033427	