Name	Crit_1_tech	Crit_1_res	Crit_1_op
NUCLEAR	0.000000	0.000000	0.000000
CCGT	0.000000	0.000000	0.000000
CCGT_AMMONIA	0.000000	0.000000	0.000000
COAL_US	0.000000	0.000000	0.000000
COAL_IGCC	0.000000	0.000000	0.000000
PV	9.928168	0.000000	0.000000
WIND_ONSHORE	0.903165	0.000000	0.011443
WIND_OFFSHORE	0.855081	0.000000	0.016119
HYDRO_RIVER	0.016081	0.000000	0.000051
GEOTHERMAL	0.000000	0.000000	0.000000
IND_COGEN_GAS	0.564597	0.000000	11.406478
IND_COGEN_WOOD	0.000000	0.000000	0.000002
IND_COGEN_WASTE	0.000000	0.000000	0.000000
IND_BOILER_GAS	0.015927	0.000000	0.656139
IND_BOILER_WOOD	0.000000	0.000000	0.000001
IND_BOILER_OIL	0.000000	0.000000	0.000001
IND_BOILER_COAL	0.000000	0.000000	0.000007
IND_BOILER_WASTE	0.045603	0.000000	0.481940
IND_DIRECT_ELEC	0.001506	0.000000	0.000000
DHN_HP_ELEC	0.407921	0.000000	0.018575
DHN_COGEN_GAS	0.000000	0.000000	0.000007
DHN_COGEN_WOOD	0.000000	0.000000	0.000000
DHN_COGEN_WASTE	0.000000	0.000000	0.000000
DHN_COGEN_WET_BIOMASS	0.000000	0.000000	0.000000
DHN_COGEN_BIO_HYDROLYSIS	0.000000	0.000000	0.000000
DHN_BOILER_GAS	0.000000	0.000000	0.000000
DHN_BOILER_WOOD	0.000000	0.000000	0.000000
DHN_BOILER_OIL	0.000000	0.000000	0.000000
DHN_DEEP_GEO	0.000000	0.000000	0.000000
DHN_SOLAR	0.000001	0.000000	0.000000
DEC_HP_ELEC	1.282948	0.000000	0.039328
DEC_THHP_GAS	0.000001	0.000000	0.000000
DEC_COGEN_GAS	0.000000	0.000000	0.000000
DEC_COGEN_OIL	0.000000	0.000000	0.000003
DEC_ADVCOGEN_GAS	0.000000	0.000000	0.000000
DEC_ADVCOGEN_H2	0.637322	0.000000	0.728945
DEC_BOILER_GAS	0.000000	0.000000	0.000000
DEC_BOILER_WOOD	0.000000	0.000000	0.000000
DEC_BOILER_OIL	0.000000	0.000000	0.000000
DEC_SOLAR	0.000018	0.000000	0.000000
DEC_DIRECT_ELEC	0.000000	0.000000	0.000000
TRAMWAY_TROLLEY	0.085430	0.000000	0.000000
BUS_COACH_DIESEL	0.000000	0.000000	0.000000
BUS_COACH_HYDIESEL	0.000000	0.000000	0.000000
BUS_COACH_CNG_STOICH	0.000000	0.000000	0.000000
BUS_COACH_FC_HYBRIDH2	1.951524	0.000000	0.004922
BUS_COACH_ELECTRIC	0.000000	0.000000	0.000000
TRAIN_PUB	0.338650	0.000000	0.000000
CAR_GASOLINE	0.000000	0.000000	0.000000
CAR_DIESEL	0.000000	0.000000	0.000000
CAR_NG	0.000000	0.000000	0.000000
CAR_METHANOL	0.000000	0.000000	0.000000
CAR_HEV	0.000000	0.000000	0.000000
CAR_PHEV	0.000006	0.000000	0.000000
CAR_BEV	42.015245	0.000000	1.960286
CAR_FUEL_CELL	0.000000	0.000000	0.000000
TRAIN_FREIGHT	0.199607	0.000000	0.634772
BOAT_FREIGHT_DIESEL	0.000000	0.000000	0.000001
BOAT_FREIGHT_NG	0.000000	0.000000	0.000000
BOAT_FREIGHT_METHANOL	0.160084	0.000000	10.028673
TRUCK_DIESEL	1.284719	0.000000	2.393132
TRUCK_METHANOL	0.000000	0.000000	0.000000
TRUCK_FUEL_CELL	13.190030	0.000000	0.141241
TRUCK_ELEC	0.000000	0.000000	0.000000
TRUCK_NG	0.000000	0.000000	0.000000
HABER_BOSCH	2.298126	0.000000	1.591874
SYN_METHANOLATION	0.000001	0.000000	0.000000
METHANE_TO_METHANOL	0.000000	0.000000	0.000001
BIOMASS_TO_METHANOL	0.000000	0.000000	0.000000
OIL_TO_HVC	0.000002	0.000000	0.000000
GAS_TO_HVC	0.104396	0.000000	0.000000
METHANOL_TO_HVC	2.109341	0.000000	0.000000
ADLIBIO_TO_HVC	1.617714	0.000000	2.726628
PHS	2.513388	0.000000	0.000000
BATT_LI	0.600090	0.000000	0.000000
BEV_BATT	0.000000	0.000000	0.000000
PHEV_BATT	0.000010	0.000000	0.000000
TS_DEC_DIRECT_ELEC	0.000000	0.000000	0.000000
TS_DEC_HP_ELEC	0.094596	0.000000	0.000000
TS_DEC_THHP_GAS	0.000000	0.000000	0.000000
TS_DEC_COGEN_GAS	0.000000	0.000000	0.000000
TS_DEC_COGEN_OIL	0.000000	0.000000	0.000000
TS_DEC_ADVCOGEN_GAS	0.000000	0.000000	0.000000
TS_DEC_ADVCOGEN_H2	0.004145	0.000000	0.000000
TS_DEC_BOILER_GAS	0.000000	0.000000	0.000000
TS_DEC_BOILER_WOOD	0.000000	0.000000	0.000000
TS_DEC_BOILER_OIL	0.000000	0.000000	0.000000
TS_DHN_DAILY	0.000001	0.000000	0.000000
TS_DHN_SEASONAL	1.291751	0.000000	0.000000
TS_HIGH_TEMP	0.047645	0.000000	0.000000
GAS_STORAGE	0.000171	0.000000	0.000000
H2_STORAGE	0.021096	0.000000	0.000000
DIESEL_STORAGE	0.000029	0.000000	0.000000
GASOLINE_STORAGE	0.000028	0.000000	0.000000
LFO_STORAGE	0.000026	0.000000	0.000000
AMMONIA_STORAGE	0.000050	0.000000	0.000000
METHANOL_STORAGE	0.000155	0.000000	0.000000
CO2_STORAGE	0.000002	0.000000	0.000000
ADLIBIO_TO_FUEL	0.000001	0.000000	0.000000
AMMONIA_TO_H2	0.000000	0.000000	0.000000
ATM_CCS	0.000000	0.000000	0.000000
BIO_HYDROLYSIS	0.142305	0.000000	5.516675
BIOMETHANATION	0.000000	0.000000	0.000000
DHN	0.000000	0.000000	0.000000
EFFICIENCY	0.000000	0.000000	0.000000
GASIFICATION_SNG	0.000000	0.000000	0.000000
GRID	1.817130	0.000000	0.000000
H2_BIOMASS	0.074428	0.000000	0.057302
H2_ELECTROLYSIS	0.000011	0.000000	0.000000
INDUSTRY_CCS	0.000000	0.000000	0.000000
REDIFUEL	0.000000	0.000000	0.000000
SMR	0.000000	0.000000	0.000000
SYN_METHANATION	0.000000	0.000000	0.000000
AMMONIA	0.000000	0.000000	0.000000
AMMONIA_RE_BE	0.000000	0.000000	0.000000
AMMONIA_RE_IMPORT	0.000000	9.006143	0.000000
BIODIESEL	0.000000	14.108134	0.000000
BIODIESEL_BE	0.000000	0.000000	0.000000
BIOETHANOL	0.000000	0.000001	0.000000
CO2_ATM	0.000000	0.000000	0.000000
CO2_CAPTURED	0.000000	0.000000	0.000000
CO2_EMISSIONS	0.000000	0.000000	0.000000
CO2_INDUSTRY	0.000000	0.000000	0.000000
COAL	0.000000	0.000001	0.000000
DIESEL	0.000000	0.000007	0.000000
ELEC_EXPORT	0.000000	0.000000	0.000000
ELECTRICITY	0.000000	5.440512	0.000000
GAS	0.000000	6.435003	0.000000
GAS_RE_BE	0.000000	0.000000	0.000000
GAS_RE_IMPORT	0.000000	0.000002	0.000000
GASOLINE	0.000000	0.000000	0.000000
H2	0.000000	0.000000	0.000000
H2_RE_BE	0.000000	0.000000	0.000000
H2_RE_IMPORT	0.000000	20.963065	0.000000
LFO	0.000000	0.000002	0.000000
LFO_RE_BE	0.000000	0.000000	0.000000
METHANOL	0.000000	9.297271	0.000000
METHANOL_RE_BE	0.000000	0.000000	0.000000
METHANOL_RE_IMPORT	0.000000	0.000003	0.000000
RES_GEO	0.000000	0.000000	0.000000
RES_HYDRO	0.000000	0.000000	0.000000
RES_SOLAR	0.000000	0.000000	0.000000
RES_WIND	0.000000	0.000000	0.000000
URANIUM	0.000000	0.000000	0.000000
WASTE	0.000000	0.000000	0.000000
WET_BIOMASS	0.000000	9.693335	0.000000
WOOD	0.000000	3.841718	0.000000
WOOD_PRODUCTION	0.000000	4.987316	0.000000
